(3, 3, 64, 64)



1,-1,-1,1,-1,-1,1,1,1,-1,-1,-1,-1,-1,-1,-1,1,-1,-1,1,-1,-1,-1,1,-1,1,-1,1,-1,1,-1,-1,-1,-1,1,-1,1,-1,-1,-1,1,-1,-1,1,1,-1,1,1,1,1,-1,1,1,1,1,1,-1,1,1,-1,-1,1,1,-1,
-1,1,-1,-1,1,-1,1,1,-1,-1,-1,1,1,1,-1,-1,1,-1,1,1,-1,1,1,1,1,-1,-1,1,1,-1,-1,1,1,1,1,-1,1,1,-1,-1,1,-1,1,-1,1,1,-1,1,-1,1,-1,1,1,1,1,1,-1,1,-1,1,-1,1,1,1,
1,-1,-1,1,1,1,-1,-1,1,-1,-1,-1,1,-1,-1,-1,-1,-1,1,-1,-1,-1,1,1,1,1,-1,1,-1,-1,1,-1,-1,-1,1,-1,-1,1,1,-1,1,-1,1,-1,-1,-1,1,-1,1,1,-1,1,1,1,1,1,1,-1,1,-1,1,-1,-1,-1,
1,1,1,-1,-1,1,1,1,-1,1,1,1,-1,1,1,-1,-1,1,-1,-1,-1,-1,-1,1,1,-1,1,1,1,-1,1,1,1,1,-1,1,-1,-1,1,-1,-1,1,-1,-1,1,1,-1,1,1,1,1,-1,-1,1,1,-1,-1,-1,-1,-1,1,-1,1,1,
1,1,-1,1,-1,1,-1,-1,1,-1,-1,1,-1,-1,-1,1,1,1,-1,1,1,1,1,1,-1,-1,-1,-1,-1,1,-1,-1,1,1,1,-1,-1,-1,1,-1,-1,-1,1,1,-1,-1,1,-1,1,-1,-1,1,-1,-1,-1,-1,1,1,-1,-1,1,-1,-1,1,
-1,-1,-1,1,-1,1,-1,-1,1,1,1,-1,-1,-1,1,1,-1,-1,1,-1,1,1,-1,1,1,1,-1,-1,-1,1,1,1,-1,1,1,-1,1,1,1,-1,1,-1,1,1,-1,-1,-1,1,-1,-1,-1,1,-1,-1,-1,1,1,1,1,-1,1,1,1,1,
1,1,1,1,-1,1,1,-1,1,-1,1,-1,1,-1,-1,1,-1,-1,-1,-1,-1,-1,-1,1,-1,-1,-1,1,1,-1,-1,-1,1,-1,1,1,1,-1,1,1,1,1,-1,-1,-1,-1,-1,1,1,1,1,-1,1,1,-1,1,-1,-1,-1,-1,1,-1,-1,-1,
1,1,-1,-1,-1,1,-1,-1,1,1,1,-1,-1,-1,-1,-1,-1,-1,-1,-1,1,-1,-1,1,-1,-1,-1,1,-1,1,1,1,-1,-1,1,-1,-1,-1,1,-1,-1,-1,1,1,-1,-1,-1,1,-1,1,1,-1,1,-1,-1,1,1,1,1,1,-1,1,-1,1,
-1,1,1,1,-1,-1,1,1,-1,1,1,1,1,1,1,1,-1,-1,-1,1,-1,-1,-1,-1,-1,-1,-1,1,1,-1,-1,1,1,1,-1,1,1,1,1,1,1,1,-1,-1,1,1,1,-1,-1,-1,-1,-1,-1,1,1,-1,-1,-1,-1,-1,-1,1,1,1,
-1,1,-1,-1,-1,-1,1,1,-1,1,1,1,1,-1,-1,-1,-1,-1,1,1,1,-1,1,-1,1,1,1,1,-1,-1,1,1,1,1,-1,-1,-1,1,-1,-1,-1,-1,1,-1,1,1,-1,-1,1,-1,-1,-1,-1,-1,1,-1,-1,1,1,1,1,-1,-1,-1,
1,1,1,-1,-1,-1,-1,-1,1,1,1,1,-1,-1,1,1,1,-1,-1,1,-1,-1,1,1,-1,1,-1,1,1,-1,-1,1,1,1,-1,-1,-1,1,-1,1,-1,-1,-1,-1,1,1,1,1,-1,-1,-1,-1,-1,1,-1,1,-1,-1,-1,-1,-1,1,-1,1,
1,1,-1,-1,1,-1,1,1,-1,1,1,1,1,1,1,1,1,1,1,1,-1,-1,-1,-1,1,1,1,1,-1,-1,-1,1,-1,-1,1,1,1,1,1,-1,1,-1,1,-1,1,1,-1,-1,1,-1,-1,1,-1,-1,-1,-1,1,-1,-1,1,-1,-1,-1,1,
1,-1,-1,1,-1,1,1,1,1,-1,-1,-1,-1,-1,-1,-1,-1,1,-1,1,-1,1,-1,1,1,1,-1,-1,1,1,-1,1,-1,1,1,-1,1,-1,1,1,1,1,1,1,-1,-1,1,-1,-1,1,1,-1,1,-1,-1,1,1,-1,-1,1,-1,1,-1,-1,
1,-1,-1,-1,-1,-1,-1,1,1,-1,-1,1,-1,-1,-1,-1,-1,1,1,-1,1,-1,-1,1,-1,-1,-1,1,-1,1,1,1,-1,-1,-1,-1,1,-1,1,-1,1,-1,1,1,1,1,1,-1,1,1,1,1,1,1,-1,1,-1,-1,-1,1,1,-1,1,1,
1,-1,1,1,-1,-1,1,-1,1,-1,-1,-1,-1,-1,-1,-1,-1,1,-1,1,-1,-1,1,1,1,1,-1,1,-1,1,1,-1,-1,-1,1,-1,-1,-1,1,1,-1,-1,-1,1,1,1,1,1,1,-1,1,1,-1,-1,-1,1,-1,1,1,-1,1,1,-1,-1,
-1,-1,1,-1,1,-1,1,-1,-1,1,1,1,-1,-1,1,1,1,-1,1,1,-1,-1,-1,-1,-1,-1,-1,-1,1,-1,-1,1,-1,1,-1,1,1,1,-1,1,1,1,-1,-1,1,1,-1,-1,-1,1,-1,1,-1,1,1,-1,-1,-1,-1,1,1,1,-1,1,
-1,1,1,-1,1,-1,-1,-1,-1,1,1,1,-1,1,1,1,1,-1,-1,-1,-1,-1,1,-1,1,-1,1,-1,1,-1,-1,1,1,1,1,1,1,1,-1,1,1,1,-1,1,1,-1,1,1,-1,1,1,-1,1,-1,1,1,-1,1,-1,1,-1,1,-1,1,
-1,-1,-1,-1,1,-1,-1,1,-1,1,1,-1,1,1,-1,1,1,-1,1,-1,1,-1,1,-1,-1,1,1,1,1,-1,1,-1,-1,-1,-1,1,1,-1,-1,1,1,1,1,1,-1,1,-1,1,-1,1,-1,1,-1,-1,1,1,1,1,-1,-1,1,1,-1,1,
-1,1,-1,1,-1,1,1,-1,-1,1,-1,-1,-1,-1,-1,1,-1,1,-1,-1,1,1,-1,1,1,-1,-1,-1,-1,-1,1,-1,1,1,-1,-1,-1,-1,-1,-1,-1,1,1,-1,-1,1,1,1,-1,1,1,1,-1,1,1,1,-1,-1,1,1,1,1,-1,1,
1,1,1,-1,1,-1,1,1,1,1,-1,1,-1,1,-1,1,1,-1,1,1,-1,-1,-1,-1,-1,1,1,-1,1,1,-1,1,1,-1,-1,1,-1,-1,-1,-1,-1,1,1,-1,1,1,-1,1,1,-1,1,1,-1,1,1,1,-1,-1,-1,1,-1,-1,1,1,
1,-1,-1,1,1,-1,1,1,1,-1,-1,1,-1,-1,-1,-1,1,1,-1,-1,1,1,-1,1,-1,-1,1,-1,-1,1,-1,-1,-1,-1,1,-1,1,-1,-1,-1,1,-1,-1,1,-1,1,1,-1,1,1,-1,1,1,-1,-1,-1,1,1,1,-1,1,1,-1,1,
1,-1,-1,1,1,1,1,-1,-1,-1,-1,1,1,-1,-1,1,1,-1,1,-1,1,1,1,1,1,-1,-1,1,1,1,1,1,-1,-1,1,-1,1,-1,1,-1,-1,1,1,-1,1,-1,1,-1,-1,1,-1,1,1,-1,-1,1,1,1,1,-1,1,1,1,-1,
1,-1,1,-1,1,1,1,1,-1,1,-1,1,-1,1,-1,1,1,1,1,-1,-1,-1,1,1,1,1,-1,1,1,1,-1,1,1,-1,-1,1,1,-1,-1,1,-1,-1,-1,-1,1,1,-1,1,1,-1,1,1,-1,-1,1,-1,-1,1,-1,1,1,1,1,1,
-1,1,1,-1,1,1,-1,1,-1,1,1,-1,1,1,1,1,1,-1,1,-1,-1,-1,1,-1,-1,-1,1,1,1,-1,1,1,1,1,-1,1,1,1,-1,-1,-1,1,-1,-1,1,-1,1,1,-1,-1,1,-1,-1,-1,1,-1,1,-1,-1,-1,1,1,-1,-1,
-1,1,-1,-1,-1,1,1,1,-1,-1,-1,1,-1,-1,1,-1,-1,-1,1,-1,-1,-1,1,-1,-1,1,1,-1,-1,1,-1,-1,-1,1,-1,1,-1,1,-1,-1,1,-1,1,1,1,-1,1,1,1,-1,1,1,-1,-1,1,1,-1,-1,1,-1,1,-1,-1,1,
1,-1,-1,1,-1,-1,1,-1,-1,-1,-1,-1,1,-1,-1,1,1,-1,1,-1,1,1,-1,1,1,1,-1,1,-1,-1,1,-1,1,-1,-1,1,-1,-1,-1,-1,-1,1,1,1,-1,1,1,1,-1,-1,1,-1,1,-1,1,-1,-1,-1,1,-1,-1,-1,1,-1,
1,-1,-1,-1,1,1,-1,-1,1,-1,-1,-1,1,-1,-1,-1,1,1,-1,1,1,1,-1,1,1,1,-1,1,1,1,1,-1,-1,-1,1,-1,-1,-1,-1,-1,-1,-1,1,-1,-1,-1,1,-1,-1,1,-1,-1,1,-1,-1,1,-1,1,1,-1,-1,1,-1,-1,
-1,1,1,-1,-1,1,1,1,-1,1,1,1,-1,1,-1,1,-1,1,-1,-1,-1,-1,1,-1,-1,1,1,1,1,-1,1,-1,1,1,-1,1,1,1,1,-1,-1,1,1,1,1,-1,1,-1,1,1,-1,1,-1,-1,1,-1,-1,-1,-1,1,1,1,1,1,
-1,-1,1,-1,-1,1,-1,1,-1,-1,1,1,1,1,1,-1,-1,-1,1,1,-1,-1,1,-1,1,1,-1,-1,-1,-1,-1,1,1,1,1,-1,1,-1,-1,-1,-1,1,-1,-1,-1,1,-1,-1,-1,-1,1,1,-1,1,1,1,-1,1,-1,1,-1,1,1,-1,
1,1,1,1,-1,-1,1,-1,1,-1,1,1,-1,1,-1,-1,1,-1,1,1,-1,-1,1,-1,1,1,1,1,1,1,1,1,-1,-1,1,1,1,1,1,1,1,1,-1,-1,-1,1,1,1,1,1,-1,1,1,1,1,1,-1,-1,1,1,1,-1,1,-1,
-1,-1,-1,1,1,1,-1,1,1,1,-1,-1,-1,-1,-1,-1,-1,1,1,-1,1,-1,1,-1,1,1,1,1,1,1,-1,-1,-1,-1,1,-1,-1,-1,1,-1,1,-1,1,1,1,-1,-1,-1,-1,1,1,-1,-1,-1,1,-1,-1,1,-1,1,-1,-1,-1,-1,
-1,1,1,-1,-1,1,1,-1,1,1,-1,1,1,-1,-1,1,1,-1,1,1,1,1,-1,-1,1,1,1,-1,-1,-1,-1,1,1,1,1,1,1,1,-1,1,1,1,-1,1,1,-1,1,1,1,-1,1,-1,-1,1,-1,1,-1,-1,-1,-1,-1,1,1,-1,
1,1,1,1,-1,-1,-1,-1,1,-1,1,-1,-1,-1,-1,-1,-1,-1,-1,-1,-1,1,1,1,-1,1,-1,-1,1,1,-1,-1,-1,1,1,-1,1,1,1,-1,-1,-1,1,1,-1,-1,-1,1,-1,1,-1,1,-1,1,-1,1,1,-1,1,-1,1,1,1,-1,
-1,-1,1,-1,-1,1,-1,-1,1,-1,-1,-1,1,1,-1,-1,-1,-1,-1,-1,-1,1,1,1,-1,-1,1,-1,-1,1,1,-1,-1,-1,-1,1,-1,-1,-1,-1,-1,-1,1,1,-1,-1,1,-1,-1,-1,-1,1,-1,-1,-1,1,1,1,1,1,1,-1,-1,1,
1,-1,-1,1,-1,1,-1,-1,1,-1,-1,-1,1,1,-1,-1,-1,-1,-1,-1,-1,-1,1,1,1,1,-1,1,-1,1,-1,-1,-1,-1,1,1,1,-1,1,1,1,-1,1,1,1,-1,1,-1,1,-1,1,-1,1,1,-1,1,-1,1,1,1,-1,-1,-1,1,
-1,-1,1,1,1,-1,1,-1,1,-1,1,-1,1,1,1,1,-1,-1,-1,1,-1,1,1,-1,-1,1,1,1,1,-1,-1,1,1,1,1,1,-1,1,1,1,-1,-1,-1,-1,1,1,1,-1,1,-1,-1,1,1,1,1,1,1,-1,-1,1,-1,1,1,1,
1,1,1,-1,-1,-1,1,-1,1,1,-1,1,-1,-1,1,1,1,-1,1,-1,1,-1,-1,-1,1,1,-1,1,-1,-1,-1,1,1,-1,-1,1,-1,-1,-1,1,-1,1,-1,1,1,1,1,1,-1,-1,1,-1,-1,1,-1,-1,-1,-1,-1,1,1,1,1,-1,
1,1,-1,1,1,1,1,1,1,-1,1,-1,1,1,-1,1,1,-1,1,-1,1,1,1,1,-1,-1,-1,1,1,1,1,-1,-1,-1,1,-1,1,-1,1,-1,1,-1,1,-1,-1,-1,1,-1,1,1,-1,-1,1,1,-1,-1,1,-1,1,-1,-1,-1,-1,-1,
1,-1,-1,1,1,-1,1,1,1,-1,-1,1,-1,-1,-1,1,-1,1,-1,1,1,-1,-1,1,1,-1,1,-1,-1,-1,-1,-1,-1,1,1,-1,1,-1,-1,-1,-1,1,1,1,-1,-1,1,-1,1,1,1,1,-1,-1,-1,-1,-1,-1,-1,1,1,1,-1,-1,
-1,-1,-1,1,-1,1,1,1,-1,1,-1,-1,1,-1,1,-1,-1,1,-1,1,1,1,-1,1,1,-1,1,1,1,1,1,1,-1,1,-1,-1,-1,-1,-1,-1,1,-1,-1,-1,-1,-1,1,-1,1,1,1,-1,1,-1,-1,1,1,1,1,-1,1,-1,-1,1,
-1,1,1,1,1,1,-1,1,1,-1,-1,-1,1,1,-1,-1,1,-1,-1,-1,1,-1,-1,-1,1,-1,1,1,-1,1,-1,-1,1,-1,1,-1,1,-1,1,-1,1,1,1,-1,-1,-1,1,-1,-1,1,1,1,1,-1,-1,1,1,1,-1,-1,1,1,-1,1,
-1,1,-1,1,-1,1,1,1,1,1,-1,1,-1,-1,1,-1,-1,-1,1,1,-1,1,-1,1,-1,-1,-1,-1,1,-1,-1,-1,-1,-1,1,1,-1,-1,1,-1,1,-1,-1,-1,1,-1,1,-1,-1,1,-1,-1,1,-1,-1,-1,1,1,1,1,1,-1,1,-1,
1,1,1,-1,1,-1,-1,-1,-1,1,-1,1,-1,-1,1,1,1,-1,-1,1,-1,-1,1,-1,-1,1,-1,-1,1,1,-1,1,1,1,-1,1,1,1,-1,1,-1,-1,-1,-1,1,1,1,1,1,1,-1,1,1,1,1,-1,-1,-1,1,1,-1,-1,-1,-1,
-1,1,-1,-1,1,1,-1,1,-1,1,-1,1,-1,1,-1,1,1,1,-1,1,1,-1,1,-1,1,1,1,-1,1,-1,1,1,-1,-1,-1,-1,-1,1,1,1,1,1,1,-1,1,1,1,-1,-1,-1,-1,1,-1,1,1,1,-1,-1,-1,1,-1,-1,-1,1,
1,-1,1,1,1,-1,1,1,1,-1,-1,-1,-1,-1,-1,-1,-1,1,-1,-1,1,1,-1,-1,-1,-1,-1,1,-1,1,-1,-1,-1,-1,1,-1,-1,-1,1,-1,-1,1,-1,1,1,-1,-1,-1,1,-1,-1,1,1,1,-1,-1,1,-1,1,1,1,1,-1,-1,
1,1,-1,1,1,1,-1,1,1,1,-1,-1,1,-1,-1,1,1,1,1,-1,1,-1,-1,1,1,-1,1,1,1,1,1,1,-1,1,1,-1,1,1,1,-1,1,-1,1,1,-1,-1,1,-1,-1,1,-1,1,1,1,-1,-1,-1,1,1,1,-1,-1,-1,1,
1,-1,1,1,1,1,-1,-1,-1,1,-1,-1,1,1,-1,-1,1,-1,-1,-1,1,1,-1,-1,-1,-1,-1,1,-1,-1,1,-1,1,-1,-1,-1,1,-1,-1,-1,-1,-1,1,1,1,-1,-1,-1,-1,1,1,-1,-1,-1,1,1,1,1,-1,-1,-1,1,-1,-1,
-1,-1,1,1,-1,1,-1,1,-1,1,-1,1,1,-1,-1,-1,-1,-1,1,-1,1,-1,1,1,1,-1,1,1,-1,-1,-1,1,-1,-1,-1,1,1,-1,1,-1,1,1,1,1,-1,1,1,-1,-1,1,1,-1,1,1,-1,1,1,1,-1,1,1,-1,-1,-1,
1,-1,-1,1,-1,-1,-1,1,1,1,-1,-1,-1,1,-1,-1,-1,-1,-1,1,1,-1,1,1,-1,-1,-1,1,1,-1,1,-1,1,-1,-1,-1,-1,-1,1,1,1,-1,-1,-1,-1,1,1,1,1,-1,1,1,-1,-1,-1,1,1,1,-1,1,1,-1,-1,-1,
1,1,1,-1,1,-1,-1,-1,1,-1,-1,-1,1,-1,-1,1,1,1,-1,-1,-1,1,-1,1,-1,-1,-1,1,1,1,1,1,-1,-1,-1,-1,1,-1,1,-1,1,-1,-1,1,1,1,1,1,1,1,-1,-1,1,1,-1,1,1,1,1,1,-1,-1,-1,1,
-1,-1,-1,1,-1,1,-1,1,1,-1,-1,-1,1,1,1,-1,-1,-1,1,1,-1,-1,1,1,-1,1,-1,1,-1,1,-1,-1,1,-1,1,1,-1,1,-1,-1,1,1,-1,-1,1,1,1,-1,-1,-1,-1,-1,-1,1,-1,1,-1,1,1,-1,1,-1,-1,-1,
1,-1,-1,-1,1,-1,-1,1,1,-1,-1,-1,1,1,-1,1,-1,-1,1,-1,1,-1,1,-1,-1,-1,-1,-1,1,1,-1,1,-1,-1,-1,-1,1,1,-1,-1,1,1,1,-1,1,-1,1,-1,1,-1,1,-1,1,-1,1,-1,-1,1,1,-1,-1,1,1,-1,
-1,-1,1,-1,-1,-1,1,1,1,1,-1,-1,-1,1,1,-1,1,-1,-1,1,-1,-1,-1,-1,-1,1,1,-1,-1,-1,1,-1,1,1,-1,1,-1,1,1,-1,-1,1,-1,1,1,1,-1,1,1,-1,-1,-1,-1,-1,1,-1,-1,-1,-1,1,1,1,1,1,
-1,-1,-1,1,1,1,-1,1,-1,-1,-1,-1,1,-1,1,-1,1,1,-1,-1,1,1,-1,-1,1,1,-1,1,-1,1,1,-1,-1,-1,1,-1,1,-1,1,-1,1,-1,-1,1,1,-1,1,-1,-1,-1,1,1,1,-1,-1,-1,1,1,1,1,-1,1,-1,-1,
1,-1,1,-1,-1,-1,-1,-1,1,1,1,1,-1,1,1,1,-1,-1,-1,1,-1,-1,1,-1,-1,1,1,-1,1,-1,1,1,1,1,-1,1,-1,1,-1,1,-1,1,-1,-1,1,1,-1,1,-1,1,-1,1,-1,1,1,-1,1,1,-1,-1,-1,1,1,1,
1,1,-1,1,-1,1,-1,1,1,-1,1,1,1,-1,-1,-1,-1,1,-1,-1,1,-1,1,-1,1,-1,1,1,-1,1,-1,-1,-1,1,-1,-1,1,-1,-1,-1,-1,-1,-1,-1,-1,-1,1,-1,-1,-1,-1,-1,1,-1,1,1,1,1,1,-1,1,1,1,-1,
-1,1,1,-1,1,-1,-1,1,-1,1,-1,1,-1,1,1,-1,1,1,1,1,-1,1,1,-1,-1,-1,1,1,1,-1,1,1,1,1,-1,1,1,1,-1,1,-1,1,-1,-1,1,-1,1,1,1,1,1,-1,1,1,1,1,-1,-1,-1,1,1,1,1,-1,
-1,1,1,-1,-1,-1,1,1,-1,1,1,-1,1,1,-1,1,1,-1,-1,1,1,-1,1,-1,1,1,1,-1,-1,1,-1,1,1,1,1,1,1,1,-1,1,-1,1,-1,-1,1,-1,-1,-1,-1,-1,-1,-1,-1,1,1,-1,-1,-1,-1,-1,-1,-1,-1,1,
1,-1,-1,-1,-1,1,1,-1,1,-1,-1,1,1,-1,1,-1,1,-1,-1,-1,1,1,-1,1,-1,-1,1,1,1,1,-1,-1,-1,1,1,-1,-1,-1,1,-1,1,1,1,-1,1,-1,1,1,-1,1,1,-1,1,-1,-1,1,-1,1,-1,1,1,1,-1,-1,
1,-1,1,-1,-1,-1,-1,1,1,1,-1,1,-1,-1,1,1,-1,1,1,-1,-1,-1,-1,1,1,1,1,-1,1,1,-1,1,1,1,1,-1,1,1,-1,1,1,1,-1,-1,1,1,-1,1,1,-1,1,-1,1,1,1,-1,-1,-1,-1,-1,-1,-1,1,1,
1,-1,-1,1,-1,-1,1,1,1,-1,-1,-1,-1,1,-1,-1,-1,-1,-1,-1,-1,1,1,-1,-1,1,-1,1,-1,-1,-1,1,-1,1,1,1,1,-1,1,1,1,-1,1,1,-1,-1,1,1,-1,-1,-1,-1,1,-1,-1,1,1,1,1,1,-1,-1,1,-1,
1,-1,1,1,-1,1,-1,-1,1,1,-1,-1,1,-1,1,-1,-1,-1,-1,-1,1,1,1,1,-1,1,-1,1,1,1,1,1,-1,-1,1,-1,-1,1,1,1,1,-1,1,1,-1,1,-1,1,1,1,1,-1,1,-1,-1,1,1,1,1,1,-1,1,-1,-1,
-1,-1,-1,1,1,1,1,1,1,1,-1,-1,1,-1,-1,1,-1,1,1,-1,1,1,-1,1,-1,-1,-1,1,1,1,-1,-1,-1,-1,1,-1,1,-1,1,1,1,-1,1,-1,-1,1,1,-1,1,1,1,-1,1,-1,1,-1,1,1,-1,1,1,1,1,-1,
1,-1,-1,1,-1,-1,-1,1,1,-1,1,1,1,1,-1,1,-1,1,-1,-1,-1,-1,-1,1,1,-1,-1,1,-1,-1,1,1,-1,1,1,-1,-1,-1,-1,-1,1,-1,1,-1,-1,1,1,-1,-1,1,1,-1,1,-1,-1,1,1,1,1,-1,1,-1,-1,1,

1,-1,1,1,-1,1,-1,1,-1,-1,-1,1,-1,-1,-1,-1,1,1,1,-1,1,-1,-1,1,1,-1,-1,-1,-1,1,-1,-1,-1,-1,-1,1,-1,1,-1,1,-1,-1,1,1,-1,1,1,1,-1,-1,1,1,-1,1,1,1,1,1,-1,-1,-1,-1,-1,1,
-1,-1,1,-1,-1,1,1,1,1,-1,-1,1,-1,1,1,1,1,-1,1,-1,1,-1,1,-1,1,1,-1,-1,1,-1,1,1,1,1,1,1,1,-1,1,1,-1,1,-1,1,1,1,-1,-1,1,-1,-1,1,-1,1,1,1,1,-1,1,-1,-1,1,-1,1,
1,1,1,1,-1,-1,-1,-1,1,-1,-1,1,1,1,-1,-1,-1,1,1,-1,1,-1,-1,1,1,1,-1,1,1,1,1,-1,-1,1,1,1,-1,-1,-1,-1,-1,-1,1,-1,-1,-1,-1,-1,-1,1,-1,1,1,-1,-1,1,-1,1,1,1,1,-1,-1,1,
1,1,1,-1,1,1,1,1,-1,1,-1,1,-1,1,1,1,1,1,-1,1,-1,1,1,-1,1,1,-1,1,1,-1,-1,1,1,1,-1,1,1,-1,1,1,-1,-1,-1,-1,1,-1,1,1,1,-1,1,-1,-1,1,1,1,-1,-1,-1,-1,-1,1,1,1,
-1,1,1,1,1,1,1,-1,1,-1,-1,-1,1,-1,-1,1,1,1,1,-1,1,1,-1,1,-1,-1,-1,1,-1,1,-1,-1,-1,-1,1,-1,1,1,-1,-1,-1,-1,-1,1,-1,1,1,1,1,-1,-1,1,1,-1,-1,1,1,-1,1,-1,-1,1,-1,1,
1,-1,-1,-1,1,1,1,-1,1,-1,-1,-1,1,-1,-1,-1,-1,-1,1,-1,1,1,-1,1,1,-1,-1,1,-1,-1,-1,-1,-1,-1,1,-1,-1,-1,1,1,1,-1,-1,1,-1,-1,1,-1,1,1,1,1,1,-1,-1,1,-1,1,1,1,1,-1,-1,-1,
1,-1,1,1,-1,-1,-1,-1,1,1,1,1,1,-1,1,1,1,1,-1,1,1,1,-1,-1,-1,-1,1,-1,-1,-1,-1,1,-1,-1,-1,-1,1,-1,1,-1,1,-1,-1,1,-1,-1,-1,-1,-1,1,-1,1,1,1,-1,1,1,1,1,1,-1,1,-1,-1,
1,1,1,1,1,1,1,1,1,1,-1,-1,1,-1,-1,1,-1,1,-1,-1,-1,1,1,1,-1,1,-1,1,-1,-1,-1,1,-1,1,-1,-1,1,-1,1,-1,1,-1,-1,1,-1,-1,1,-1,-1,-1,1,-1,1,-1,-1,1,1,-1,1,-1,-1,-1,-1,-1,
-1,1,1,-1,1,-1,-1,-1,-1,-1,1,1,1,1,1,1,-1,-1,1,1,-1,1,1,-1,-1,-1,1,1,-1,-1,1,1,1,1,-1,-1,-1,-1,-1,1,1,1,-1,-1,1,1,-1,-1,1,-1,1,-1,-1,1,1,1,1,1,-1,1,1,1,1,1,
1,1,1,1,-1,1,1,1,-1,1,1,1,-1,-1,-1,1,1,-1,1,1,-1,-1,1,1,-1,1,1,-1,-1,1,-1,1,-1,-1,-1,1,-1,-1,1,1,-1,-1,-1,-1,-1,-1,-1,1,1,1,-1,-1,1,-1,1,-1,-1,1,1,-1,1,1,-1,1,
1,1,1,-1,1,-1,-1,-1,-1,-1,1,-1,-1,1,1,1,-1,-1,1,1,-1,-1,1,-1,1,-1,1,-1,1,-1,-1,1,1,1,-1,1,1,-1,1,1,-1,-1,1,-1,1,1,1,-1,1,-1,-1,-1,-1,1,1,-1,-1,-1,-1,-1,1,1,1,-1,
-1,1,1,-1,1,1,1,-1,-1,1,-1,-1,-1,1,1,-1,1,-1,-1,1,1,1,1,-1,-1,1,1,-1,1,1,-1,1,1,-1,1,-1,-1,1,1,1,1,-1,1,-1,-1,-1,-1,1,1,1,-1,-1,1,1,-1,-1,1,-1,1,1,-1,-1,1,1,
-1,-1,-1,-1,-1,1,-1,1,1,-1,1,1,1,1,-1,1,1,1,1,1,-1,1,-1,1,1,-1,-1,1,-1,1,-1,-1,1,-1,1,-1,-1,1,-1,1,-1,-1,1,-1,-1,-1,1,-1,-1,1,-1,-1,1,-1,-1,1,-1,1,-1,-1,1,-1,-1,-1,
1,-1,1,1,1,1,-1,-1,1,1,-1,-1,-1,-1,-1,1,-1,1,-1,1,-1,1,-1,1,-1,-1,-1,1,-1,1,1,-1,1,1,-1,-1,-1,-1,1,-1,1,1,-1,1,1,1,-1,-1,-1,1,-1,-1,1,1,-1,-1,1,1,1,1,-1,1,-1,1,
-1,-1,-1,1,-1,1,-1,-1,1,1,-1,-1,-1,1,-1,-1,1,1,-1,-1,-1,-1,1,1,-1,-1,-1,1,-1,-1,1,-1,-1,1,1,-1,1,-1,1,1,1,-1,1,-1,-1,-1,1,1,1,-1,1,-1,1,1,-1,-1,-1,1,-1,1,-1,-1,-1,-1,
-1,-1,1,-1,1,-1,1,1,-1,1,1,-1,1,1,1,-1,-1,1,1,-1,1,1,-1,-1,1,1,-1,1,1,-1,1,1,1,1,-1,1,-1,1,-1,1,-1,1,-1,1,1,1,-1,-1,-1,-1,-1,1,-1,1,1,1,-1,-1,-1,1,1,1,1,1,
-1,1,1,-1,1,1,-1,-1,-1,1,1,1,-1,1,1,-1,1,-1,-1,1,1,1,1,-1,1,1,1,1,-1,-1,1,1,1,1,-1,1,-1,-1,-1,1,-1,1,1,1,1,1,-1,1,1,-1,-1,-1,-1,1,1,-1,1,-1,1,-1,-1,1,1,-1,
-1,-1,1,-1,1,-1,1,1,1,1,1,1,1,1,-1,-1,-1,1,1,-1,-1,-1,-1,-1,1,1,1,1,1,-1,-1,-1,1,-1,1,1,1,-1,-1,-1,1,1,-1,1,-1,1,-1,-1,-1,-1,-1,1,1,-1,-1,-1,1,-1,-1,-1,-1,1,1,1,
1,-1,1,-1,-1,1,1,-1,1,-1,-1,-1,1,-1,-1,1,1,1,1,1,-1,-1,-1,1,-1,-1,1,1,-1,-1,-1,-1,1,1,1,-1,1,-1,1,1,-1,-1,-1,1,-1,-1,-1,1,-1,1,1,-1,1,-1,-1,1,1,1,1,1,1,-1,1,-1,
-1,1,-1,-1,1,-1,1,1,-1,1,1,1,-1,1,-1,-1,1,-1,1,-1,1,-1,1,1,-1,-1,-1,-1,1,-1,1,1,1,1,-1,1,-1,1,-1,1,1,-1,-1,-1,1,1,-1,-1,-1,-1,-1,-1,1,-1,1,1,1,-1,-1,1,1,1,1,1,
-1,1,-1,1,1,-1,1,1,1,-1,-1,-1,1,-1,-1,-1,-1,1,1,-1,-1,1,1,1,1,-1,-1,1,-1,1,-1,-1,-1,-1,-1,1,-1,-1,-1,-1,1,-1,-1,-1,-1,-1,1,-1,1,1,-1,1,-1,-1,-1,-1,1,1,1,-1,1,1,-1,1,
1,-1,-1,1,-1,1,1,-1,1,-1,1,-1,-1,-1,-1,1,1,-1,-1,-1,1,1,1,1,1,-1,-1,-1,-1,1,-1,-1,-1,-1,1,-1,-1,-1,1,-1,1,1,1,-1,-1,-1,1,1,1,1,1,1,1,-1,-1,1,1,1,1,1,-1,-1,-1,1,
1,1,1,-1,1,1,1,-1,-1,1,1,-1,-1,1,1,-1,1,-1,1,-1,-1,1,-1,-1,1,-1,1,-1,1,-1,-1,-1,-1,-1,1,1,1,-1,-1,-1,-1,1,1,1,1,1,-1,1,1,-1,1,-1,-1,1,-1,1,-1,-1,-1,1,-1,1,1,-1,
1,1,1,-1,1,-1,-1,1,-1,-1,-1,1,-1,1,-1,-1,-1,-1,1,1,-1,-1,1,1,-1,1,1,-1,-1,1,-1,-1,1,1,-1,-1,1,1,-1,1,-1,1,-1,1,1,1,-1,1,-1,-1,-1,1,-1,1,1,-1,-1,-1,-1,-1,-1,1,1,1,
-1,1,-1,-1,1,-1,-1,1,-1,-1,1,-1,-1,1,1,1,-1,1,1,1,-1,1,1,-1,-1,-1,1,-1,-1,1,1,1,1,1,-1,1,1,1,-1,-1,-1,1,1,-1,1,1,1,-1,-1,-1,-1,1,1,1,1,-1,1,-1,1,-1,1,-1,-1,-1,
1,-1,-1,-1,-1,1,1,1,1,1,-1,-1,1,1,-1,1,-1,1,-1,-1,1,1,-1,-1,-1,-1,1,-1,1,-1,1,-1,1,1,-1,-1,-1,-1,-1,-1,-1,-1,1,-1,-1,-1,1,-1,-1,1,1,-1,-1,1,1,1,1,1,1,-1,1,-1,1,-1,
1,-1,1,-1,1,1,1,1,1,-1,-1,1,-1,1,-1,-1,-1,1,-1,1,-1,-1,-1,1,-1,1,-1,1,-1,1,-1,-1,-1,-1,1,1,-1,-1,-1,1,1,-1,1,1,-1,-1,1,-1,-1,1,1,-1,-1,1,-1,1,1,1,1,-1,1,-1,-1,1,
1,1,1,1,1,-1,1,1,-1,-1,1,-1,1,1,1,1,1,1,-1,1,-1,-1,1,-1,-1,-1,1,-1,1,-1,1,1,1,1,-1,1,1,1,-1,1,-1,1,1,-1,1,1,1,1,1,-1,-1,-1,-1,1,1,-1,-1,1,-1,-1,-1,1,-1,1,
-1,1,-1,-1,-1,-1,-1,-1,-1,1,1,-1,1,1,1,-1,-1,-1,-1,-1,-1,-1,1,-1,1,1,1,-1,1,1,-1,1,1,-1,1,-1,-1,1,-1,1,1,1,1,-1,1,1,-1,1,1,-1,1,1,-1,1,1,-1,-1,-1,-1,-1,-1,1,1,1,
1,1,1,-1,1,-1,1,1,1,-1,-1,-1,1,1,-1,-1,1,-1,1,-1,-1,-1,-1,-1,1,-1,1,-1,1,1,-1,1,1,1,-1,1,1,1,-1,1,-1,1,1,-1,-1,1,1,1,1,-1,1,-1,-1,1,-1,-1,-1,1,-1,1,-1,-1,1,1,
-1,-1,1,1,-1,1,1,1,1,1,-1,-1,-1,1,-1,-1,1,1,-1,1,-1,1,1,1,1,-1,1,-1,-1,1,-1,-1,-1,-1,-1,1,-1,-1,1,1,1,-1,-1,1,-1,-1,1,-1,-1,1,1,-1,1,-1,-1,-1,1,1,1,-1,1,-1,-1,1,
1,1,1,-1,1,-1,1,1,-1,1,1,1,1,1,1,1,-1,-1,-1,1,-1,-1,-1,1,-1,1,-1,1,-1,-1,-1,1,1,1,-1,-1,1,1,-1,1,1,1,-1,1,-1,1,-1,1,-1,1,-1,-1,-1,1,1,-1,-1,-1,-1,-1,-1,-1,1,1,
1,1,1,-1,1,1,-1,1,-1,1,-1,-1,1,-1,-1,-1,-1,1,1,-1,1,-1,1,1,1,1,-1,1,1,-1,-1,1,1,-1,-1,-1,1,1,1,1,-1,-1,1,-1,1,-1,-1,1,-1,-1,-1,1,-1,1,-1,-1,1,-1,1,1,1,-1,1,-1,
1,-1,-1,1,-1,1,1,1,1,-1,-1,-1,-1,-1,-1,1,1,1,1,-1,1,-1,-1,1,1,1,1,-1,-1,1,1,1,-1,-1,1,-1,-1,1,-1,-1,1,-1,1,1,-1,-1,1,-1,1,1,1,1,1,-1,-1,1,-1,1,1,1,1,-1,-1,-1,
1,1,-1,1,1,-1,-1,1,-1,1,1,-1,1,-1,-1,-1,-1,1,1,-1,-1,1,1,-1,-1,-1,-1,1,-1,-1,1,-1,-1,-1,-1,-1,-1,1,-1,-1,1,-1,1,1,1,-1,1,-1,-1,-1,1,1,-1,1,1,-1,-1,1,-1,-1,1,-1,1,-1,
1,-1,1,1,1,-1,1,-1,-1,1,1,1,1,1,-1,1,-1,-1,-1,1,-1,1,1,1,-1,1,-1,-1,-1,-1,-1,-1,1,1,-1,1,1,1,1,1,1,-1,-1,-1,-1,-1,-1,-1,-1,1,-1,-1,-1,-1,1,1,1,-1,-1,1,-1,-1,-1,-1,
1,1,1,-1,-1,-1,1,1,-1,1,-1,1,1,-1,1,1,-1,-1,-1,1,-1,-1,-1,-1,-1,-1,1,-1,1,-1,1,1,1,-1,-1,1,1,1,-1,1,-1,1,-1,-1,-1,-1,-1,1,1,-1,1,-1,-1,-1,1,-1,-1,-1,-1,1,-1,1,1,-1,
-1,-1,-1,1,-1,-1,-1,-1,-1,1,-1,1,1,-1,1,-1,1,1,1,1,1,1,1,1,-1,-1,-1,1,-1,-1,-1,1,-1,-1,1,-1,1,-1,-1,-1,1,-1,1,-1,-1,-1,-1,1,1,1,1,-1,1,1,1,1,1,1,1,-1,-1,1,-1,-1,
-1,1,-1,1,1,-1,1,1,-1,1,1,-1,1,-1,-1,1,-1,-1,-1,1,1,-1,-1,1,-1,-1,1,1,-1,-1,1,-1,1,-1,-1,-1,1,1,1,-1,1,1,-1,1,1,-1,1,-1,1,1,1,1,1,1,-1,-1,-1,1,1,-1,-1,-1,-1,-1,
-1,1,-1,1,1,1,-1,1,1,-1,-1,-1,-1,1,1,1,1,1,-1,-1,-1,1,1,1,1,1,-1,-1,-1,1,-1,1,-1,-1,1,-1,1,-1,-1,-1,-1,-1,1,1,-1,-1,1,1,-1,1,-1,-1,1,-1,-1,1,-1,1,1,-1,-1,-1,-1,-1,
1,1,-1,1,-1,1,1,1,1,-1,-1,-1,1,1,-1,-1,-1,-1,-1,-1,1,1,-1,1,-1,1,-1,-1,-1,1,1,-1,-1,-1,-1,-1,-1,1,-1,1,1,1,1,1,-1,1,1,-1,1,1,-1,1,-1,-1,-1,1,-1,1,1,-1,1,1,-1,-1,
-1,-1,-1,1,-1,1,1,1,1,-1,-1,-1,-1,-1,1,-1,1,-1,-1,1,1,1,-1,1,-1,-1,-1,1,1,-1,1,-1,-1,1,1,-1,-1,1,1,-1,-1,-1,-1,-1,1,1,1,-1,-1,1,1,1,-1,-1,-1,-1,-1,-1,1,1,-1,1,-1,-1,
-1,1,1,-1,1,-1,1,1,-1,1,1,1,-1,1,1,1,1,-1,-1,1,-1,-1,1,-1,-1,1,1,-1,1,-1,1,1,1,1,-1,1,1,-1,-1,1,1,1,-1,1,-1,-1,-1,1,1,-1,-1,1,1,1,-1,-1,-1,1,-1,1,1,-1,1,1,
1,-1,-1,-1,1,1,1,1,-1,1,1,1,-1,1,1,-1,1,1,1,-1,-1,1,-1,-1,1,1,-1,-1,1,-1,1,1,-1,1,1,-1,1,-1,-1,1,1,1,1,-1,1,1,1,-1,1,1,1,1,-1,1,1,-1,-1,1,-1,1,-1,-1,-1,1,
1,-1,-1,-1,1,1,1,-1,1,-1,-1,-1,-1,-1,-1,-1,-1,-1,1,-1,1,-1,-1,1,-1,1,-1,1,-1,1,-1,-1,-1,-1,-1,-1,-1,1,1,1,-1,-1,1,1,-1,1,1,-1,1,1,1,-1,-1,-1,-1,1,1,-1,1,1,1,-1,-1,1,
1,-1,-1,1,1,1,-1,-1,1,-1,-1,-1,1,-1,1,-1,-1,1,-1,-1,-1,1,1,-1,1,1,1,1,-1,1,1,1,-1,1,1,1,-1,-1,1,-1,-1,-1,1,-1,-1,-1,1,-1,-1,1,-1,-1,1,-1,-1,1,1,-1,1,1,1,-1,-1,-1,
1,-1,-1,1,-1,-1,1,-1,-1,-1,-1,1,1,-1,-1,1,-1,-1,-1,-1,1,-1,-1,-1,1,-1,-1,-1,-1,1,-1,-1,-1,1,-1,1,-1,-1,-1,1,-1,-1,1,1,-1,-1,-1,1,1,1,1,-1,1,1,1,-1,-1,1,1,1,-1,1,-1,-1,
-1,1,1,1,-1,1,1,1,1,-1,-1,-1,-1,-1,1,-1,1,-1,1,-1,1,1,-1,1,1,-1,-1,-1,-1,1,1,-1,-1,-1,1,-1,-1,1,1,-1,-1,1,-1,1,1,1,-1,1,1,-1,-1,-1,-1,1,-1,1,1,-1,1,-1,1,-1,1,-1,
1,1,-1,1,-1,-1,1,-1,-1,-1,-1,-1,1,1,-1,1,1,-1,-1,1,1,-1,1,1,-1,-1,-1,-1,1,1,1,-1,-1,-1,-1,-1,1,1,1,1,1,-1,1,-1,-1,1,-1,1,-1,1,-1,1,1,1,1,1,-1,-1,1,-1,-1,-1,-1,-1,
1,1,-1,1,1,-1,-1,-1,1,-1,1,-1,-1,1,-1,-1,1,1,-1,-1,-1,1,-1,1,1,1,-1,1,-1,1,-1,-1,-1,-1,1,-1,-1,1,1,-1,1,-1,1,-1,-1,-1,1,-1,-1,-1,1,-1,1,1,-1,1,1,1,1,1,-1,1,1,-1,
1,-1,1,1,1,-1,-1,1,-1,1,1,1,1,-1,1,1,-1,1,1,1,1,-1,-1,1,1,-1,-1,1,1,1,-1,-1,-1,1,-1,-1,-1,1,-1,-1,1,-1,-1,1,1,-1,1,-1,-1,1,-1,-1,1,1,-1,-1,1,1,1,-1,1,-1,1,-1,
1,-1,-1,1,1,-1,-1,1,-1,-1,1,-1,1,-1,-1,1,1,-1,1,-1,-1,1,-1,1,1,-1,-1,-1,-1,-1,-1,-1,1,-1,1,-1,1,1,-1,-1,1,-1,-1,1,-1,-1,-1,-1,-1,-1,-1,-1,-1,-1,-1,1,-1,1,-1,1,-1,1,1,-1,
1,-1,-1,1,-1,-1,1,1,-1,1,1,1,1,1,1,1,1,1,1,1,-1,1,-1,-1,1,1,-1,-1,-1,-1,1,1,1,-1,-1,1,1,1,-1,1,1,1,-1,-1,1,-1,1,1,-1,-1,-1,-1,-1,-1,1,-1,-1,-1,-1,-1,-1,1,1,-1,
-1,1,1,1,-1,1,-1,-1,-1,-1,1,-1,1,-1,1,-1,1,1,-1,-1,1,1,-1,-1,1,-1,1,1,-1,1,1,1,-1,-1,1,-1,-1,-1,-1,1,1,-1,1,1,1,-1,-1,-1,-1,-1,-1,1,1,-1,-1,1,1,1,-1,-1,-1,-1,-1,1,
-1,1,1,-1,1,1,1,1,1,1,1,-1,1,1,-1,-1,1,1,-1,1,1,-1,1,-1,-1,-1,1,-1,1,-1,1,1,1,1,-1,-1,1,1,-1,1,-1,-1,-1,-1,1,-1,1,1,1,-1,-1,1,-1,-1,1,-1,-1,-1,-1,1,-1,1,1,1,
1,1,-1,-1,-1,1,1,-1,1,-1,1,-1,-1,-1,-1,-1,-1,1,-1,1,-1,-1,-1,-1,-1,1,1,1,-1,1,1,1,-1,-1,1,-1,-1,1,-1,-1,-1,-1,1,-1,-1,-1,1,-1,-1,1,1,1,-1,1,1,1,1,-1,1,-1,1,-1,1,-1,
-1,-1,-1,-1,-1,-1,1,-1,-1,1,1,1,1,1,1,-1,1,-1,1,-1,-1,-1,1,-1,-1,1,1,1,1,-1,-1,1,1,1,-1,1,-1,-1,-1,-1,1,-1,1,1,1,-1,-1,1,1,-1,1,1,-1,-1,1,-1,-1,-1,-1,1,1,-1,1,-1,
-1,-1,1,1,-1,1,1,-1,-1,-1,1,1,-1,1,-1,1,1,-1,1,1,-1,1,1,1,1,1,1,1,-1,-1,1,-1,1,1,-1,1,1,1,-1,1,-1,1,-1,-1,-1,1,-1,1,1,1,1,-1,1,-1,1,-1,-1,-1,-1,-1,1,-1,1,1,
1,1,-1,1,-1,-1,-1,-1,1,-1,-1,-1,1,-1,-1,-1,-1,-1,-1,-1,1,1,-1,1,-1,1,-1,1,1,1,1,-1,-1,1,1,-1,1,-1,1,1,1,-1,-1,1,1,-1,1,-1,-1,1,1,1,-1,-1,-1,-1,1,1,-1,1,-1,1,-1,-1,
1,1,1,-1,1,1,1,1,-1,1,-1,1,1,-1,1,1,1,-1,-1,1,1,1,1,1,1,1,1,-1,1,-1,1,1,1,-1,-1,1,-1,1,-1,-1,-1,1,-1,-1,1,1,-1,-1,1,-1,-1,-1,-1,1,1,-1,-1,1,-1,-1,-1,-1,1,1,
-1,-1,1,-1,1,1,-1,1,1,-1,-1,1,-1,-1,-1,1,-1,-1,-1,-1,1,1,1,-1,1,1,1,1,-1,1,1,-1,-1,-1,1,1,-1,-1,1,-1,1,-1,1,-1,-1,-1,1,-1,-1,1,1,-1,-1,-1,-1,1,-1,1,1,1,1,1,-1,1,
-1,-1,-1,1,-1,1,-1,-1,1,1,-1,-1,-1,-1,-1,-1,1,1,-1,-1,-1,-1,1,1,-1,1,-1,1,1,-1,1,-1,-1,-1,1,-1,-1,1,1,-1,1,-1,1,-1,-1,-1,1,-1,-1,1,1,1,1,-1,-1,1,1,1,1,-1,1,-1,1,-1,
-1,-1,-1,-1,1,1,1,1,1,-1,-1,-1,-1,-1,-1,-1,1,1,-1,1,-1,1,1,1,1,-1,-1,1,1,1,1,1,-1,-1,1,-1,1,1,1,-1,-1,-1,1,1,-1,1,1,-1,1,1,-1,-1,1,-1,-1,-1,-1,1,1,1,-1,-1,-1,-1,
1,1,-1,1,-1,1,-1,1,1,-1,1,-1,1,-1,-1,1,-1,1,-1,-1,1,1,-1,1,1,-1,-1,1,1,1,1,-1,-1,-1,1,1,-1,-1,1,-1,1,1,1,-1,-1,-1,1,-1,1,-1,1,-1,1,-1,-1,1,1,1,-1,-1,1,-1,-1,-1,

1,-1,-1,1,1,-1,1,-1,1,1,-1,-1,1,-1,-1,-1,-1,-1,1,-1,1,1,-1,1,1,-1,-1,1,1,-1,1,-1,-1,-1,1,-1,1,1,1,-1,-1,-1,1,1,1,1,1,1,-1,1,1,-1,-1,-1,-1,1,1,1,-1,-1,1,-1,-1,-1,
1,-1,-1,-1,-1,-1,1,1,1,-1,1,1,-1,1,1,1,1,-1,1,-1,-1,-1,1,-1,1,-1,1,-1,-1,-1,-1,1,-1,1,1,-1,-1,-1,1,1,1,1,-1,-1,1,1,-1,1,1,-1,-1,1,-1,1,1,-1,1,1,1,-1,1,1,-1,1,
1,-1,-1,1,1,1,-1,-1,-1,1,-1,-1,-1,1,-1,-1,-1,-1,1,-1,1,1,1,1,-1,1,-1,-1,-1,1,1,-1,-1,-1,1,-1,-1,-1,1,1,-1,-1,-1,-1,-1,-1,1,-1,1,-1,1,-1,1,-1,-1,-1,1,1,1,-1,1,-1,-1,1,
-1,1,1,-1,1,1,-1,1,-1,1,-1,-1,1,1,1,1,1,-1,-1,-1,1,1,-1,-1,-1,1,1,-1,1,-1,1,1,1,1,-1,1,1,1,-1,1,1,1,-1,-1,1,1,1,1,1,-1,1,-1,-1,1,1,1,-1,-1,-1,-1,-1,1,-1,-1,
1,-1,-1,1,-1,1,1,-1,1,-1,1,-1,1,-1,1,1,-1,-1,1,-1,1,1,1,1,1,-1,-1,1,-1,1,-1,-1,-1,-1,1,-1,-1,1,1,1,1,-1,1,1,1,-1,1,-1,-1,1,-1,-1,-1,-1,-1,1,-1,1,-1,1,-1,1,-1,1,
1,-1,-1,1,1,-1,-1,1,-1,1,-1,-1,1,-1,1,-1,1,-1,-1,-1,1,-1,1,1,1,1,-1,-1,-1,1,1,1,-1,-1,1,1,-1,-1,1,-1,-1,-1,1,-1,-1,-1,1,-1,1,1,1,-1,1,1,-1,1,1,1,1,-1,-1,1,1,-1,
1,1,1,-1,-1,1,-1,-1,-1,-1,-1,-1,1,-1,-1,1,-1,1,-1,1,1,-1,-1,1,1,1,-1,1,1,-1,1,-1,-1,-1,1,-1,-1,-1,1,-1,1,-1,-1,1,-1,1,1,1,-1,-1,-1,1,1,1,-1,1,-1,-1,1,-1,-1,-1,-1,-1,
-1,-1,-1,1,1,1,-1,1,-1,-1,-1,-1,1,-1,-1,1,1,-1,-1,-1,1,-1,1,-1,1,1,1,1,1,-1,1,-1,-1,1,-1,-1,-1,-1,1,-1,1,-1,-1,1,1,-1,-1,-1,1,1,1,-1,1,-1,-1,-1,1,1,1,-1,1,-1,-1,-1,
-1,1,1,1,1,1,-1,1,-1,1,-1,1,1,1,1,1,-1,-1,-1,1,1,-1,1,-1,1,1,1,-1,1,-1,1,-1,1,1,-1,-1,-1,1,1,1,-1,1,-1,1,1,1,1,1,1,-1,1,1,-1,1,1,-1,-1,-1,-1,1,1,1,1,-1,
-1,1,1,-1,1,-1,-1,1,-1,1,1,1,1,1,-1,-1,1,1,-1,1,1,-1,1,-1,1,1,1,-1,1,1,-1,1,1,1,-1,-1,1,1,-1,1,1,1,1,1,1,1,-1,1,-1,-1,-1,1,1,-1,1,-1,-1,1,1,1,-1,-1,-1,1,
1,1,-1,-1,1,-1,1,-1,-1,1,-1,-1,-1,-1,-1,1,1,-1,1,1,-1,-1,1,-1,1,1,-1,-1,1,-1,-1,1,1,1,-1,1,-1,1,-1,-1,-1,1,1,-1,1,1,-1,1,-1,-1,-1,-1,-1,-1,1,1,-1,-1,1,1,1,-1,-1,1,
-1,1,-1,-1,1,-1,-1,1,-1,-1,-1,1,-1,1,-1,1,1,1,-1,1,-1,1,1,-1,-1,1,1,-1,-1,-1,1,1,-1,1,-1,-1,-1,1,1,1,-1,1,1,-1,1,-1,1,-1,-1,-1,1,-1,-1,1,1,-1,-1,1,1,1,1,1,-1,1,
1,-1,-1,1,1,-1,-1,1,1,-1,-1,-1,-1,-1,-1,-1,-1,1,-1,-1,-1,1,-1,1,-1,-1,-1,1,-1,-1,1,-1,-1,-1,1,-1,1,1,1,-1,1,-1,1,1,-1,-1,1,-1,1,1,1,-1,-1,-1,-1,-1,1,1,-1,-1,1,1,1,-1,
-1,-1,1,1,-1,-1,1,1,1,1,-1,-1,1,-1,-1,-1,-1,1,-1,1,1,1,-1,-1,-1,1,-1,1,-1,1,-1,-1,-1,-1,-1,-1,-1,1,-1,-1,-1,-1,1,1,-1,-1,1,1,1,1,-1,1,-1,-1,-1,1,-1,1,-1,1,1,-1,-1,-1,
1,1,-1,1,1,1,-1,-1,1,-1,-1,-1,1,-1,-1,-1,-1,1,-1,-1,-1,-1,-1,1,-1,-1,-1,1,-1,1,-1,-1,-1,1,1,-1,1,1,1,-1,1,-1,-1,-1,-1,-1,1,1,1,1,-1,-1,1,1,-1,-1,-1,-1,1,1,-1,1,-1,-1,
-1,1,1,-1,1,-1,1,1,1,-1,1,1,1,-1,1,-1,1,-1,1,1,-1,-1,1,-1,1,-1,1,1,-1,1,1,1,-1,1,-1,1,-1,1,-1,-1,1,1,1,1,1,1,1,1,-1,-1,1,-1,1,1,-1,1,-1,-1,-1,1,1,1,-1,1,
1,1,1,1,-1,-1,1,-1,-1,1,1,1,1,1,1,-1,-1,1,1,1,-1,1,1,-1,1,1,-1,-1,1,-1,1,1,1,-1,1,1,-1,1,1,1,-1,1,1,1,1,1,-1,-1,-1,1,-1,-1,-1,1,-1,-1,1,-1,-1,1,-1,1,1,1,
1,1,-1,-1,-1,1,1,1,-1,1,1,-1,-1,1,1,1,1,1,-1,1,1,1,-1,-1,-1,1,1,1,-1,-1,1,-1,1,1,-1,1,1,1,-1,-1,1,1,-1,-1,1,1,1,1,1,-1,-1,1,-1,1,1,-1,-1,-1,1,1,1,-1,-1,-1,
1,-1,1,1,-1,1,1,-1,-1,-1,-1,-1,-1,-1,1,1,-1,-1,-1,1,1,-1,-1,1,-1,-1,-1,1,-1,-1,-1,1,1,-1,1,1,1,-1,-1,-1,1,-1,-1,1,-1,1,1,1,-1,1,-1,1,-1,1,1,1,1,1,-1,-1,-1,1,1,-1,
1,-1,1,-1,1,-1,-1,1,-1,-1,1,1,-1,1,1,-1,-1,1,-1,-1,-1,-1,1,-1,-1,1,-1,-1,1,-1,-1,1,-1,1,-1,1,1,1,-1,1,-1,1,-1,1,1,-1,1,-1,1,-1,1,1,-1,1,1,-1,-1,-1,-1,-1,-1,1,1,1,
-1,-1,-1,1,1,1,1,1,1,-1,1,-1,1,-1,-1,-1,-1,1,1,-1,1,-1,1,-1,1,-1,-1,-1,-1,1,1,-1,-1,-1,1,-1,1,-1,-1,-1,1,1,-1,1,-1,-1,1,-1,-1,1,-1,1,1,-1,-1,1,1,-1,1,-1,1,-1,-1,1,
-1,-1,1,1,1,-1,-1,1,1,1,-1,1,1,-1,-1,1,1,1,-1,1,1,1,-1,-1,1,1,-1,-1,-1,1,1,-1,-1,1,-1,-1,1,-1,-1,1,1,-1,1,-1,-1,-1,1,1,-1,1,1,-1,1,-1,-1,1,1,1,1,-1,1,-1,-1,1,
-1,1,-1,-1,-1,1,1,1,-1,1,-1,1,-1,1,1,1,1,-1,-1,1,-1,1,1,-1,-1,1,1,-1,-1,-1,1,1,1,1,-1,1,-1,1,-1,1,-1,1,-1,-1,1,1,-1,1,1,1,-1,1,-1,-1,-1,-1,-1,1,-1,1,1,1,1,1,
1,-1,1,1,1,1,1,1,-1,1,-1,1,-1,1,1,1,-1,-1,1,1,-1,-1,-1,-1,-1,-1,-1,-1,1,-1,-1,1,1,1,-1,1,1,1,1,-1,-1,1,-1,-1,-1,-1,-1,1,1,-1,1,-1,-1,-1,1,-1,-1,-1,-1,1,-1,-1,1,1,
1,1,1,-1,1,1,1,1,1,-1,1,1,-1,1,-1,1,-1,-1,1,1,1,-1,1,-1,1,1,1,-1,1,1,-1,1,-1,1,1,1,-1,1,1,1,1,1,1,-1,-1,1,1,1,1,-1,-1,1,1,1,1,1,-1,1,1,1,1,1,1,-1,
1,-1,-1,1,1,-1,-1,-1,-1,-1,-1,-1,1,-1,-1,1,-1,-1,-1,1,1,-1,-1,1,1,-1,-1,-1,1,-1,-1,-1,1,-1,1,-1,1,1,1,-1,-1,1,-1,1,-1,-1,1,-1,-1,1,-1,-1,1,-1,1,1,-1,1,1,-1,1,-1,1,1,
1,-1,1,1,1,1,-1,1,-1,-1,-1,1,1,-1,-1,-1,1,1,1,1,-1,1,1,1,1,-1,-1,1,-1,1,1,-1,-1,-1,1,-1,-1,-1,1,-1,1,-1,1,-1,-1,-1,1,-1,1,1,-1,1,1,-1,1,1,1,1,1,-1,1,-1,-1,-1,
-1,1,1,-1,-1,-1,1,-1,-1,1,1,1,1,-1,1,1,1,-1,-1,1,-1,-1,1,-1,1,1,1,1,1,-1,-1,1,-1,1,-1,1,1,-1,-1,1,-1,1,-1,1,1,1,-1,-1,-1,-1,1,1,-1,-1,1,-1,-1,-1,-1,1,-1,-1,1,1,
-1,1,1,-1,-1,-1,1,1,-1,1,1,1,-1,-1,1,1,-1,1,1,-1,1,-1,-1,-1,1,-1,1,-1,1,-1,-1,-1,-1,1,-1,-1,-1,-1,-1,1,-1,1,-1,-1,1,1,-1,1,-1,-1,-1,1,-1,-1,1,-1,-1,-1,-1,-1,-1,1,-1,-1,
1,-1,-1,-1,1,-1,-1,1,-1,1,-1,1,1,-1,1,-1,-1,-1,1,-1,-1,-1,1,-1,1,-1,1,-1,-1,1,1,1,1,-1,-1,-1,1,1,-1,1,-1,1,-1,1,1,1,1,1,1,-1,1,-1,-1,1,1,-1,-1,1,1,-1,1,-1,1,-1,
1,1,-1,1,1,1,-1,-1,-1,-1,-1,-1,-1,1,-1,1,-1,1,-1,-1,1,1,-1,-1,-1,-1,-1,1,1,1,-1,-1,-1,-1,1,1,-1,-1,1,1,1,-1,1,1,1,1,1,-1,-1,1,-1,-1,1,1,-1,-1,1,-1,1,1,1,1,-1,-1,
1,1,1,1,-1,-1,-1,1,-1,1,1,1,1,1,1,-1,-1,-1,1,-1,-1,-1,1,-1,-1,-1,1,-1,-1,-1,-1,-1,1,1,-1,-1,1,1,-1,1,-1,1,-1,-1,1,-1,-1,1,1,-1,1,-1,-1,1,1,1,1,-1,1,-1,-1,-1,1,1,
-1,-1,1,-1,1,1,-1,1,1,-1,1,1,1,1,1,-1,1,1,1,-1,-1,-1,1,1,1,1,-1,-1,1,1,-1,1,1,-1,1,-1,1,1,1,-1,-1,1,-1,1,1,1,-1,1,1,-1,1,1,-1,1,1,-1,-1,1,1,-1,-1,1,1,-1,
1,-1,-1,1,1,1,-1,-1,-1,1,-1,1,1,1,-1,1,-1,-1,1,-1,1,-1,-1,1,1,-1,1,1,-1,1,1,-1,-1,-1,1,-1,1,-1,1,-1,-1,-1,1,-1,-1,-1,1,-1,1,-1,-1,1,1,1,-1,1,-1,1,1,-1,-1,-1,-1,1,
-1,-1,-1,1,-1,-1,1,1,1,-1,-1,-1,-1,-1,-1,-1,1,-1,1,-1,-1,1,-1,1,-1,1,1,-1,-1,1,1,-1,1,1,1,-1,1,-1,-1,-1,1,-1,1,1,-1,1,1,-1,1,1,1,-1,-1,1,-1,1,1,1,-1,1,-1,-1,-1,-1,
-1,-1,-1,-1,-1,-1,1,1,-1,1,-1,-1,1,1,1,1,-1,-1,1,1,1,1,1,-1,-1,-1,1,-1,1,-1,-1,1,1,-1,-1,1,-1,-1,-1,1,-1,-1,1,-1,1,-1,-1,1,-1,1,-1,1,-1,-1,-1,-1,-1,-1,-1,1,1,1,-1,-1,
-1,1,1,1,-1,-1,1,-1,-1,1,1,1,1,-1,1,1,1,-1,1,1,-1,-1,1,1,1,-1,-1,1,1,-1,1,1,1,1,1,1,1,-1,-1,1,1,-1,-1,-1,1,1,-1,-1,-1,-1,1,1,-1,-1,1,-1,-1,-1,-1,-1,-1,1,1,-1,
1,-1,-1,1,-1,1,-1,1,1,1,-1,-1,-1,1,-1,-1,-1,-1,-1,-1,1,1,1,1,-1,-1,-1,1,-1,1,1,-1,-1,-1,1,-1,-1,-1,1,-1,1,-1,1,-1,-1,-1,1,1,-1,1,1,-1,1,1,-1,1,1,1,1,-1,-1,1,1,1,
1,-1,1,-1,-1,-1,-1,1,1,1,-1,-1,-1,-1,1,-1,1,1,1,-1,-1,1,1,-1,-1,1,1,1,-1,-1,-1,1,1,-1,1,-1,-1,-1,1,-1,-1,1,-1,1,1,-1,1,1,-1,1,1,-1,-1,-1,1,-1,-1,1,-1,-1,1,-1,-1,-1,
1,1,-1,1,1,1,1,1,1,-1,-1,-1,1,-1,-1,1,-1,1,1,-1,1,1,-1,1,1,-1,-1,1,1,1,-1,-1,-1,1,-1,1,-1,-1,1,-1,1,-1,1,1,-1,-1,1,-1,1,1,1,-1,1,-1,-1,1,1,1,-1,-1,1,-1,-1,1,
1,1,-1,-1,-1,1,1,1,1,-1,-1,1,1,-1,-1,-1,-1,1,-1,-1,-1,1,1,1,1,-1,-1,1,1,1,1,-1,-1,1,-1,-1,-1,-1,1,-1,-1,1,-1,1,-1,1,1,-1,-1,1,1,-1,1,-1,-1,-1,1,1,1,-1,1,-1,-1,-1,
1,1,-1,1,-1,1,-1,1,1,-1,-1,-1,-1,-1,-1,-1,1,1,1,1,1,1,-1,1,-1,-1,-1,1,-1,-1,1,-1,-1,-1,1,-1,-1,1,-1,1,1,-1,-1,-1,1,-1,1,1,-1,1,-1,-1,-1,-1,1,1,1,1,1,1,-1,-1,-1,-1,
1,-1,1,-1,1,-1,-1,-1,-1,-1,1,1,1,-1,-1,-1,-1,-1,1,1,-1,-1,1,-1,1,1,-1,1,-1,-1,-1,1,-1,-1,1,1,-1,1,-1,1,-1,1,-1,-1,-1,1,1,1,1,1,1,1,-1,1,1,-1,-1,1,-1,-1,-1,1,1,-1,
-1,1,-1,-1,1,1,-1,1,-1,1,1,1,-1,1,-1,-1,1,1,1,1,-1,1,-1,-1,-1,-1,-1,1,1,-1,-1,1,-1,1,1,-1,-1,1,-1,-1,-1,1,1,1,-1,-1,-1,1,1,-1,-1,-1,1,1,-1,-1,-1,1,-1,1,-1,-1,1,1,
-1,-1,-1,-1,-1,1,-1,-1,1,-1,1,-1,1,-1,-1,1,-1,-1,-1,-1,1,1,-1,-1,-1,-1,1,-1,1,1,-1,-1,1,-1,1,-1,-1,1,1,1,1,1,1,1,-1,-1,1,1,-1,-1,-1,1,1,-1,-1,-1,1,1,-1,1,1,-1,-1,-1,
1,-1,-1,1,1,1,-1,-1,1,-1,1,-1,1,-1,-1,1,-1,1,1,-1,1,1,-1,1,1,1,1,1,-1,1,-1,-1,-1,1,1,-1,-1,-1,-1,-1,1,-1,-1,1,-1,-1,-1,-1,1,-1,1,-1,1,-1,-1,1,-1,1,1,-1,-1,-1,-1,-1,
-1,-1,1,1,1,-1,1,1,1,-1,-1,-1,1,1,1,1,-1,1,-1,1,-1,1,1,-1,1,1,-1,-1,-1,1,1,-1,1,1,1,-1,-1,-1,-1,-1,1,-1,-1,-1,-1,-1,1,-1,-1,1,1,-1,1,1,-1,-1,-1,1,1,1,-1,-1,-1,1,
1,1,1,1,-1,-1,1,1,-1,1,-1,1,-1,1,-1,-1,1,-1,1,-1,-1,1,-1,1,1,-1,-1,-1,-1,1,1,-1,-1,1,-1,-1,-1,1,-1,-1,1,1,1,1,1,1,1,-1,1,-1,1,1,-1,-1,-1,-1,1,1,1,-1,1,-1,1,-1,
1,-1,-1,1,-1,-1,-1,-1,-1,-1,-1,-1,-1,1,-1,-1,-1,-1,1,1,1,1,-1,1,1,-1,-1,1,-1,1,-1,1,-1,1,-1,-1,-1,1,1,1,-1,-1,-1,-1,-1,1,1,1,-1,-1,1,1,1,-1,-1,1,1,1,-1,1,1,-1,-1,-1,
-1,-1,1,-1,1,-1,-1,-1,1,-1,-1,1,1,1,-1,1,1,1,-1,-1,-1,1,-1,1,-1,-1,1,-1,1,1,-1,-1,-1,-1,1,-1,1,1,1,-1,1,-1,1,-1,-1,-1,1,1,1,-1,1,1,1,-1,1,1,1,1,1,-1,1,-1,-1,-1,
-1,-1,1,1,-1,1,1,1,-1,1,-1,-1,1,-1,1,-1,-1,-1,-1,-1,-1,-1,-1,1,-1,-1,-1,-1,-1,1,1,1,1,-1,-1,1,1,-1,1,-1,1,-1,-1,1,1,-1,1,-1,-1,1,1,-1,-1,1,-1,1,1,1,1,-1,1,1,-1,-1,
-1,1,-1,1,-1,-1,1,1,-1,-1,1,-1,1,-1,-1,1,1,-1,1,-1,1,-1,1,-1,1,1,-1,-1,-1,-1,-1,-1,-1,-1,1,1,-1,-1,1,-1,-1,1,1,-1,-1,1,-1,-1,-1,1,1,-1,1,-1,-1,1,1,-1,1,-1,-1,-1,-1,-1,
1,1,1,-1,-1,1,1,1,1,-1,1,-1,1,1,1,-1,1,1,1,1,-1,-1,-1,-1,1,1,1,-1,-1,-1,-1,1,-1,-1,-1,1,-1,1,-1,1,1,1,-1,1,1,1,1,1,1,-1,-1,1,-1,-1,1,1,-1,-1,-1,1,1,1,1,1,
-1,-1,-1,1,1,1,1,-1,1,1,-1,-1,1,1,1,1,-1,1,-1,-1,1,1,-1,1,1,-1,-1,1,-1,1,1,1,-1,-1,1,1,-1,-1,1,1,1,-1,1,-1,1,-1,-1,-1,-1,1,-1,1,-1,-1,-1,-1,1,1,-1,-1,1,1,1,1,
1,1,1,-1,1,-1,1,1,1,1,1,-1,-1,-1,-1,1,1,-1,-1,1,-1,-1,-1,1,-1,1,-1,-1,1,-1,-1,1,1,1,-1,1,1,1,1,1,1,1,1,1,1,-1,1,-1,-1,-1,-1,1,-1,-1,1,-1,1,1,-1,1,-1,1,1,1,
1,-1,-1,1,-1,1,-1,1,1,-1,-1,-1,-1,1,1,-1,-1,1,-1,-1,-1,1,1,1,1,1,-1,-1,-1,1,-1,-1,-1,-1,-1,-1,1,-1,1,1,1,-1,1,1,-1,-1,-1,-1,1,1,1,-1,-1,-1,-1,1,-1,-1,1,-1,-1,-1,-1,-1,
-1,1,1,-1,1,-1,1,1,1,1,1,1,-1,-1,1,-1,1,1,1,1,1,-1,-1,-1,-1,1,1,-1,1,1,1,1,1,-1,-1,1,1,-1,-1,-1,-1,-1,-1,-1,1,1,1,1,1,-1,1,1,1,1,1,1,-1,1,-1,1,-1,-1,1,1,
-1,1,1,-1,1,1,1,1,-1,1,1,-1,-1,1,-1,1,1,-1,1,-1,-1,1,1,-1,1,1,1,1,-1,-1,1,1,1,1,-1,1,1,-1,-1,-1,1,1,-1,-1,1,1,-1,1,1,1,1,1,-1,-1,1,1,1,-1,1,-1,-1,-1,1,-1,
1,1,-1,-1,-1,-1,-1,-1,1,-1,-1,-1,1,-1,-1,-1,-1,1,-1,1,1,1,-1,1,1,-1,-1,1,1,-1,-1,-1,-1,1,-1,-1,-1,-1,1,-1,1,-1,-1,-1,1,-1,1,-1,1,-1,1,1,1,1,1,1,1,1,1,1,-1,1,-1,-1,
-1,1,1,1,1,1,-1,1,-1,1,-1,-1,1,1,-1,1,-1,1,1,1,-1,1,-1,-1,1,1,1,-1,1,-1,-1,1,1,1,-1,1,-1,-1,1,1,-1,1,-1,-1,1,1,1,-1,1,1,1,1,-1,1,1,-1,1,-1,-1,1,1,1,1,1,
-1,-1,-1,1,-1,-1,-1,1,1,1,1,-1,-1,-1,-1,-1,-1,-1,1,-1,1,1,-1,-1,1,1,-1,1,1,-1,-1,1,-1,-1,1,-1,-1,-1,1,-1,1,1,1,1,1,-1,1,-1,-1,1,1,-1,1,1,1,1,-1,1,1,1,-1,-1,-1,-1,
-1,-1,-1,1,-1,1,-1,-1,1,-1,1,-1,1,-1,1,1,-1,-1,-1,1,-1,1,-1,1,-1,-1,-1,1,1,1,1,1,-1,1,1,-1,-1,-1,1,1,-1,1,1,1,-1,-1,1,-1,-1,-1,-1,-1,1,-1,-1,1,1,1,-1,-1,1,-1,-1,-1,
-1,1,-1,1,1,1,-1,1,1,-1,-1,-1,1,-1,-1,1,-1,-1,-1,1,-1,1,-1,1,-1,1,-1,1,-1,-1,1,1,-1,-1,1,-1,1,-1,1,1,-1,-1,1,1,-1,-1,-1,-1,1,1,1,-1,1,1,1,1,1,1,1,1,1,1,-1,-1,
-1,-1,-1,-1,1,1,-1,1,1,-1,-1,-1,1,-1,-1,-1,1,1,-1,-1,1,-1,1,1,1,1,-1,1,1,1,1,-1,-1,1,1,1,-1,-1,1,-1,1,-1,1,1,-1,-1,-1,-1,-1,-1,-1,-1,1,-1,-1,1,-1,1,-1,1,-1,-1,1,-1,


1,-1,1,-1,-1,1,1,1,-1,-1,-1,1,1,1,-1,-1,-1,-1,-1,1,1,1,1,1,1,-1,-1,1,1,-1,1,-1,1,-1,1,1,-1,1,1,-1,-1,1,1,1,-1,-1,1,-1,-1,-1,-1,-1,-1,-1,-1,-1,1,1,-1,1,1,-1,1,-1,
1,-1,-1,-1,1,1,1,1,1,-1,1,1,1,1,-1,1,1,-1,1,-1,1,-1,1,-1,1,1,-1,-1,-1,1,1,-1,1,1,-1,-1,1,1,1,-1,-1,1,1,-1,-1,1,-1,1,-1,1,-1,-1,-1,1,1,-1,-1,1,-1,-1,-1,1,-1,1,
-1,-1,1,1,1,1,-1,-1,-1,-1,-1,-1,1,1,-1,-1,-1,-1,1,-1,1,1,-1,1,1,1,-1,1,-1,-1,1,-1,-1,1,1,-1,-1,-1,1,-1,-1,-1,-1,-1,-1,-1,-1,-1,-1,-1,-1,1,1,-1,1,1,-1,-1,1,-1,1,-1,-1,-1,
1,1,1,-1,-1,1,-1,-1,-1,1,1,1,-1,1,1,-1,1,1,1,1,-1,-1,-1,-1,1,1,1,1,-1,1,-1,1,-1,-1,-1,1,-1,1,-1,1,1,-1,-1,-1,1,1,-1,-1,-1,1,1,-1,-1,-1,1,-1,-1,-1,-1,1,-1,1,1,1,
-1,-1,-1,-1,1,-1,-1,-1,1,-1,1,-1,-1,1,-1,-1,1,1,-1,1,1,1,1,1,-1,-1,1,1,1,-1,-1,-1,-1,1,1,-1,-1,1,1,-1,1,-1,-1,1,-1,-1,1,-1,1,1,1,1,-1,1,-1,1,1,1,-1,-1,1,1,1,-1,
-1,-1,-1,1,1,-1,1,1,-1,-1,-1,-1,-1,-1,-1,-1,1,1,-1,-1,1,1,1,1,1,-1,-1,-1,-1,1,-1,-1,-1,-1,1,-1,-1,-1,1,1,-1,-1,1,-1,1,-1,1,-1,1,1,1,-1,1,-1,-1,1,1,-1,1,-1,1,1,-1,-1,
1,-1,1,1,1,-1,-1,1,1,-1,1,1,-1,-1,-1,1,-1,1,1,1,1,1,-1,1,-1,-1,-1,1,-1,-1,1,-1,-1,-1,1,-1,1,1,1,-1,-1,-1,-1,1,1,-1,-1,-1,-1,1,-1,-1,-1,-1,1,1,1,1,-1,1,-1,1,-1,1,
1,-1,-1,-1,1,1,-1,1,1,-1,1,-1,1,1,-1,1,1,-1,-1,-1,-1,1,-1,1,-1,-1,-1,1,-1,1,-1,-1,-1,1,1,-1,-1,-1,1,1,1,-1,1,-1,1,-1,1,-1,-1,1,-1,-1,1,1,-1,-1,1,-1,1,1,1,1,-1,-1,
1,1,1,-1,-1,-1,1,1,-1,1,-1,1,-1,1,1,1,1,-1,-1,1,-1,-1,1,-1,1,1,1,-1,1,-1,1,1,1,1,-1,1,1,1,-1,-1,-1,1,-1,-1,-1,-1,-1,-1,1,-1,1,-1,-1,1,1,-1,-1,-1,-1,-1,1,-1,1,-1,
-1,1,-1,-1,-1,-1,1,1,-1,1,1,-1,1,1,-1,1,1,-1,-1,-1,-1,-1,-1,1,-1,1,1,1,-1,-1,-1,-1,-1,-1,-1,1,1,1,1,-1,-1,-1,1,1,-1,1,1,1,-1,1,-1,1,1,1,1,-1,-1,1,1,-1,1,-1,1,-1,
1,-1,1,-1,-1,-1,-1,1,-1,1,1,1,-1,1,1,-1,1,1,-1,1,-1,-1,1,-1,1,-1,-1,-1,-1,-1,-1,-1,1,1,-1,1,1,1,-1,1,-1,1,-1,-1,1,-1,1,-1,1,-1,-1,1,-1,1,1,1,-1,-1,1,1,1,-1,1,-1,
-1,-1,-1,-1,1,1,-1,-1,-1,-1,-1,1,1,-1,1,-1,1,1,-1,1,1,-1,-1,1,-1,1,1,-1,-1,-1,1,1,1,-1,1,1,1,1,1,1,1,1,1,-1,1,1,1,-1,-1,-1,-1,1,-1,1,1,-1,-1,-1,1,-1,-1,1,-1,-1,
1,-1,-1,1,-1,-1,-1,-1,1,-1,-1,-1,1,1,-1,-1,-1,1,1,1,1,1,-1,1,-1,1,-1,1,-1,1,1,-1,-1,-1,1,1,-1,-1,1,1,1,1,1,1,-1,-1,-1,1,1,-1,-1,-1,1,-1,-1,-1,1,1,-1,-1,-1,1,-1,-1,
-1,1,1,-1,1,-1,-1,-1,-1,-1,1,1,1,-1,1,-1,-1,1,1,-1,-1,-1,1,-1,1,-1,1,-1,-1,-1,-1,-1,-1,1,1,-1,-1,-1,1,-1,-1,1,-1,1,1,-1,-1,1,-1,-1,1,1,1,-1,-1,1,1,-1,1,1,1,-1,1,1,
1,1,-1,1,-1,1,1,-1,1,-1,-1,-1,-1,-1,-1,-1,-1,1,-1,1,1,1,1,1,1,1,-1,1,-1,1,1,-1,1,1,1,-1,1,-1,1,-1,1,1,1,-1,-1,-1,1,1,-1,1,1,-1,1,-1,-1,1,-1,-1,1,-1,-1,-1,-1,-1,
1,-1,1,-1,-1,-1,1,-1,-1,-1,1,-1,1,1,1,-1,1,-1,-1,1,1,1,1,-1,1,1,-1,-1,1,-1,-1,-1,1,1,-1,-1,-1,1,1,1,-1,1,-1,1,1,1,-1,1,1,1,1,1,-1,-1,1,-1,-1,-1,-1,1,1,1,1,1,
-1,1,-1,-1,-1,1,-1,1,-1,1,1,-1,1,1,1,1,1,-1,1,-1,-1,1,-1,-1,1,1,1,-1,1,-1,1,-1,-1,1,1,1,-1,-1,-1,1,-1,-1,-1,-1,1,-1,-1,1,-1,-1,1,-1,-1,-1,1,-1,-1,-1,-1,1,-1,1,1,1,
1,1,1,1,1,-1,1,1,1,1,1,-1,-1,-1,1,1,1,-1,-1,1,-1,1,-1,1,-1,1,1,-1,1,-1,1,1,1,-1,-1,1,1,1,1,-1,-1,1,-1,-1,1,-1,-1,-1,-1,-1,-1,1,1,-1,1,1,1,-1,-1,1,-1,1,1,1,
1,1,1,1,1,1,-1,-1,-1,-1,1,1,1,-1,-1,-1,-1,-1,-1,-1,-1,-1,-1,1,-1,-1,-1,1,-1,-1,-1,-1,1,1,1,-1,-1,-1,-1,-1,1,-1,-1,1,1,-1,1,-1,-1,1,-1,1,1,1,1,-1,1,-1,1,-1,1,-1,1,-1,
-1,1,1,-1,1,1,1,1,1,-1,1,-1,1,1,1,-1,-1,1,1,-1,-1,-1,1,-1,-1,1,-1,1,-1,-1,1,-1,1,1,1,1,1,1,-1,1,-1,1,-1,-1,1,1,-1,-1,1,-1,-1,1,-1,-1,1,-1,-1,1,-1,1,-1,1,1,1,
1,-1,-1,-1,1,-1,-1,-1,1,-1,-1,-1,1,-1,1,1,-1,1,-1,-1,1,1,1,1,1,1,1,-1,-1,1,-1,-1,-1,-1,1,-1,-1,1,1,-1,-1,-1,-1,-1,-1,1,-1,-1,1,1,1,1,-1,1,-1,1,-1,-1,-1,1,-1,1,1,1,
1,-1,-1,1,-1,-1,-1,-1,-1,-1,-1,-1,1,1,-1,-1,1,1,-1,-1,-1,1,1,1,-1,-1,1,-1,1,1,-1,1,-1,1,1,-1,1,-1,1,-1,1,1,1,-1,-1,-1,1,-1,1,1,1,-1,1,-1,-1,-1,1,1,1,1,1,1,1,1,
-1,-1,1,-1,1,1,1,-1,-1,1,-1,1,-1,1,1,1,1,1,1,1,1,1,1,-1,-1,1,1,-1,1,-1,1,1,1,-1,-1,1,1,1,-1,1,1,1,-1,-1,1,-1,1,1,-1,-1,1,1,-1,-1,1,-1,-1,-1,-1,-1,1,1,1,1,
1,1,1,1,-1,1,1,1,-1,1,1,1,-1,-1,1,-1,1,1,-1,1,1,-1,1,-1,1,-1,-1,-1,1,1,1,1,1,1,-1,1,1,1,-1,1,-1,1,-1,-1,1,1,1,1,-1,1,1,-1,-1,1,1,-1,-1,-1,1,1,1,-1,-1,1,
-1,1,1,-1,-1,-1,-1,1,-1,-1,-1,1,1,-1,1,-1,1,-1,1,-1,-1,-1,1,-1,-1,-1,1,1,-1,1,-1,-1,-1,1,-1,-1,1,1,-1,1,-1,1,1,-1,1,1,1,1,1,-1,-1,-1,-1,1,1,1,-1,-1,-1,-1,1,-1,1,1,
1,-1,-1,1,-1,1,1,-1,-1,1,-1,-1,-1,-1,1,1,1,-1,-1,1,1,1,-1,-1,1,1,-1,1,-1,-1,-1,-1,-1,1,-1,-1,-1,1,-1,-1,-1,1,1,1,-1,1,-1,-1,-1,1,1,1,1,-1,1,1,1,-1,-1,1,1,1,1,-1,
-1,-1,-1,1,1,-1,-1,1,1,-1,-1,-1,-1,1,-1,1,1,-1,1,1,-1,-1,1,1,-1,1,-1,1,-1,1,1,-1,-1,-1,1,1,-1,-1,1,-1,1,-1,1,-1,-1,-1,1,-1,1,1,1,1,1,1,-1,-1,1,-1,-1,-1,-1,-1,-1,1,
1,1,1,-1,1,1,-1,-1,-1,1,1,-1,-1,1,1,1,1,-1,-1,1,1,-1,1,-1,1,1,-1,-1,1,-1,1,1,-1,1,1,1,-1,-1,1,1,1,-1,-1,-1,-1,1,-1,1,-1,1,-1,-1,-1,1,1,-1,-1,1,-1,-1,1,1,1,-1,
1,-1,1,-1,-1,1,1,-1,1,1,1,1,1,-1,-1,1,1,-1,1,-1,-1,1,1,-1,1,1,-1,-1,1,1,-1,-1,-1,1,1,1,-1,1,1,1,-1,1,-1,-1,-1,1,-1,1,1,-1,-1,1,-1,-1,1,-1,-1,-1,-1,1,1,1,1,1,
1,1,1,-1,1,-1,-1,1,-1,1,1,-1,1,1,-1,1,1,-1,-1,-1,-1,-1,-1,-1,1,-1,1,-1,1,1,1,1,-1,-1,1,1,1,1,-1,1,-1,1,1,-1,-1,1,-1,1,-1,-1,-1,-1,-1,1,1,1,-1,1,-1,1,1,-1,1,1,
1,-1,-1,1,1,1,-1,-1,1,-1,-1,-1,1,-1,1,-1,1,1,1,-1,-1,1,1,1,-1,1,1,1,1,-1,-1,-1,-1,-1,1,-1,1,-1,1,-1,-1,-1,1,1,-1,-1,-1,-1,-1,1,-1,1,1,-1,1,-1,-1,1,-1,1,-1,-1,-1,-1,
1,1,1,-1,-1,-1,1,1,1,-1,-1,1,1,-1,-1,1,-1,-1,-1,1,1,-1,1,-1,1,-1,-1,1,1,1,1,-1,1,-1,-1,1,-1,1,1,1,1,1,-1,-1,1,1,-1,1,-1,-1,-1,-1,-1,1,1,-1,-1,-1,-1,1,-1,-1,1,1,
1,1,1,-1,1,-1,-1,1,-1,1,1,-1,-1,-1,1,-1,-1,1,-1,-1,-1,1,-1,-1,1,-1,1,-1,1,1,-1,-1,1,-1,1,-1,1,-1,-1,1,-1,1,1,1,1,-1,1,1,1,-1,1,1,1,-1,-1,1,1,1,1,1,-1,-1,1,-1,
1,-1,-1,-1,1,1,1,-1,-1,-1,-1,-1,1,1,-1,1,1,-1,-1,-1,1,-1,1,1,1,-1,-1,1,-1,1,-1,-1,-1,-1,1,-1,1,1,1,1,1,-1,1,-1,-1,-1,-1,-1,1,1,-1,-1,1,1,-1,1,1,1,1,-1,1,-1,-1,-1,
-1,-1,1,1,-1,-1,-1,-1,1,-1,-1,-1,-1,-1,1,-1,-1,-1,-1,-1,-1,-1,-1,1,-1,-1,-1,-1,-1,1,-1,-1,-1,1,1,-1,1,1,1,-1,-1,-1,1,-1,-1,-1,1,-1,1,-1,-1,-1,-1,-1,-1,1,1,-1,-1,1,-1,1,1,-1,
1,-1,1,1,1,-1,-1,-1,1,1,-1,-1,1,1,-1,1,1,-1,1,1,1,-1,1,1,-1,-1,1,-1,1,-1,-1,1,1,1,1,1,1,1,-1,1,-1,-1,-1,-1,1,1,1,-1,-1,-1,1,-1,1,1,1,1,1,-1,-1,1,1,1,-1,1,
-1,-1,-1,-1,-1,-1,-1,1,-1,1,-1,1,-1,1,1,1,-1,-1,1,1,-1,-1,1,-1,1,-1,1,1,-1,-1,1,1,1,1,-1,1,-1,1,-1,1,-1,1,-1,-1,1,1,-1,1,-1,-1,1,-1,-1,1,1,-1,-1,-1,-1,1,1,-1,1,-1,
1,-1,-1,1,-1,1,1,-1,1,-1,-1,1,-1,-1,-1,-1,-1,-1,-1,-1,1,1,-1,1,-1,-1,-1,1,1,-1,-1,-1,-1,-1,1,-1,1,-1,1,-1,1,-1,1,1,1,-1,1,-1,-1,1,1,-1,-1,1,-1,-1,1,1,1,-1,-1,1,-1,-1,
1,-1,1,1,-1,1,-1,1,1,-1,-1,-1,-1,1,1,1,-1,-1,-1,-1,1,1,1,1,1,1,1,1,-1,1,-1,1,-1,-1,-1,-1,-1,-1,1,-1,-1,1,1,1,1,-1,1,1,1,1,-1,-1,1,-1,1,1,-1,1,1,1,-1,-1,-1,-1,
1,-1,-1,1,1,-1,-1,-1,1,-1,1,-1,-1,-1,1,-1,-1,1,1,1,1,1,1,1,1,-1,1,1,-1,1,-1,-1,1,-1,-1,-1,1,1,-1,1,1,-1,-1,1,-1,1,1,-1,-1,-1,1,-1,1,-1,-1,1,1,1,1,-1,1,1,-1,1,
-1,-1,-1,1,1,1,1,1,1,-1,-1,-1,1,-1,1,1,1,-1,-1,1,1,-1,1,1,1,-1,1,-1,-1,1,-1,1,-1,1,1,-1,-1,-1,-1,1,1,-1,1,1,-1,1,1,-1,-1,1,1,-1,1,-1,-1,1,1,1,1,1,1,-1,-1,-1,
1,1,-1,1,-1,1,-1,-1,1,-1,-1,1,1,-1,-1,-1,1,1,1,-1,-1,1,-1,1,-1,1,1,1,-1,-1,1,-1,-1,-1,1,1,-1,-1,-1,-1,1,-1,1,-1,-1,-1,-1,1,1,1,-1,-1,1,-1,-1,1,1,1,1,1,-1,1,-1,-1,
1,1,1,1,-1,-1,1,1,-1,-1,1,-1,1,-1,-1,1,-1,-1,-1,-1,-1,-1,-1,-1,-1,-1,1,-1,1,-1,-1,1,1,1,-1,1,1,1,-1,1,1,1,1,-1,1,1,-1,1,1,-1,-1,-1,-1,-1,1,1,1,-1,1,-1,-1,-1,-1,-1,
-1,-1,1,-1,1,1,1,1,1,1,1,1,1,1,-1,1,1,1,1,1,-1,-1,-1,-1,1,1,-1,1,1,1,-1,1,-1,-1,1,-1,1,-1,1,1,-1,1,1,-1,1,1,-1,-1,1,-1,-1,-1,-1,1,1,-1,-1,1,-1,-1,-1,1,-1,-1,
1,-1,-1,-1,-1,-1,-1,-1,1,-1,1,-1,1,1,-1,-1,-1,-1,-1,1,1,-1,-1,1,-1,-1,1,1,-1,1,1,-1,-1,-1,1,-1,-1,1,-1,1,-1,1,1,1,1,-1,-1,-1,1,-1,1,1,1,-1,1,1,1,1,1,1,1,1,-1,-1,
-1,-1,-1,1,1,1,-1,-1,1,-1,-1,-1,1,-1,-1,-1,-1,1,1,-1,1,-1,1,1,-1,1,1,1,-1,1,1,-1,-1,-1,1,-1,-1,1,-1,-1,1,-1,1,1,-1,1,1,-1,1,1,-1,-1,1,1,-1,-1,1,1,1,-1,1,1,-1,-1,
-1,-1,1,1,-1,1,1,-1,1,-1,1,-1,1,1,1,1,-1,-1,-1,-1,1,1,1,1,1,-1,1,1,1,1,-1,1,-1,-1,1,1,-1,1,1,-1,1,-1,1,1,-1,-1,1,-1,-1,1,1,-1,1,-1,-1,1,1,1,1,-1,-1,1,-1,1,
1,1,1,1,1,1,1,1,-1,-1,1,-1,1,-1,1,-1,-1,1,1,-1,1,1,-1,-1,1,1,-1,-1,1,1,-1,1,-1,-1,-1,-1,1,-1,-1,-1,-1,1,1,-1,1,1,1,-1,-1,1,1,1,-1,-1,-1,-1,-1,1,1,1,1,-1,-1,-1,
1,-1,-1,-1,1,1,1,1,-1,1,-1,-1,-1,-1,1,-1,-1,-1,1,1,1,-1,1,-1,1,1,-1,1,-1,1,-1,-1,1,1,1,-1,-1,-1,-1,-1,1,1,-1,-1,-1,1,1,1,1,-1,1,-1,1,-1,1,1,1,-1,-1,-1,1,1,1,1,
1,-1,-1,1,-1,1,-1,1,1,1,-1,1,1,1,-1,1,1,1,-1,-1,-1,1,1,1,-1,1,1,1,-1,1,1,-1,-1,1,1,-1,1,1,-1,1,1,1,1,-1,1,1,1,-1,-1,1,-1,1,-1,-1,-1,1,1,1,1,1,-1,1,-1,-1,
1,1,1,1,1,-1,1,-1,-1,-1,-1,-1,1,1,1,1,-1,1,1,-1,1,1,-1,-1,-1,1,-1,1,-1,1,-1,-1,1,1,1,-1,-1,-1,1,-1,-1,-1,-1,1,-1,-1,-1,1,-1,-1,-1,-1,1,1,-1,-1,1,-1,-1,1,1,-1,-1,-1,
-1,-1,-1,-1,-1,1,1,1,1,-1,-1,-1,-1,-1,1,1,-1,-1,-1,1,-1,1,-1,-1,1,-1,-1,-1,-1,-1,-1,1,1,-1,1,-1,-1,1,-1,1,1,-1,-1,-1,1,-1,1,1,1,1,1,-1,-1,-1,1,-1,1,1,-1,1,-1,1,1,-1,
1,1,1,-1,-1,-1,-1,1,-1,1,1,-1,-1,1,1,1,1,-1,1,-1,-1,1,-1,-1,1,-1,-1,-1,1,-1,-1,1,-1,1,1,1,1,1,1,1,1,1,-1,-1,1,1,-1,-1,-1,-1,-1,-1,-1,1,-1,1,1,1,-1,1,1,1,1,-1,
1,1,-1,1,-1,1,-1,-1,1,-1,-1,-1,1,-1,-1,-1,-1,1,1,1,1,1,-1,1,1,1,1,1,-1,-1,1,-1,-1,-1,1,-1,-1,-1,-1,-1,1,1,1,-1,-1,-1,-1,-1,1,1,1,-1,1,-1,-1,-1,1,1,1,-1,1,1,-1,-1,
-1,-1,1,-1,-1,1,-1,1,-1,1,1,-1,-1,1,-1,-1,1,-1,-1,1,-1,-1,-1,-1,1,1,1,-1,1,-1,1,1,-1,1,-1,1,1,-1,1,1,-1,1,-1,-1,1,1,-1,1,1,-1,-1,1,-1,-1,1,-1,1,1,1,1,-1,1,1,1,
1,1,-1,1,-1,1,1,-1,1,-1,-1,-1,-1,-1,-1,-1,1,1,-1,-1,-1,1,1,1,-1,-1,-1,-1,-1,1,-1,1,1,-1,-1,-1,-1,-1,1,-1,1,-1,1,-1,-1,-1,1,-1,1,-1,1,1,1,1,-1,-1,-1,1,1,-1,-1,-1,-1,-1,
-1,1,1,-1,-1,-1,-1,1,-1,1,1,1,-1,1,1,1,-1,-1,1,-1,1,-1,1,-1,1,-1,1,-1,1,-1,1,1,-1,1,-1,1,1,1,-1,1,-1,-1,-1,1,1,1,-1,1,-1,-1,1,1,-1,1,1,-1,-1,-1,-1,1,1,1,1,-1,
-1,1,1,-1,1,-1,1,1,-1,1,-1,-1,1,1,1,-1,-1,-1,1,-1,1,-1,1,1,1,-1,-1,-1,-1,-1,-1,-1,1,1,-1,-1,-1,1,1,-1,-1,1,1,-1,-1,1,-1,1,1,-1,1,-1,1,1,1,1,1,-1,-1,-1,-1,-1,-1,1,
-1,1,-1,1,-1,-1,-1,-1,1,-1,-1,1,-1,-1,-1,-1,-1,-1,-1,-1,1,1,-1,1,-1,-1,1,1,1,-1,1,-1,1,-1,1,1,-1,-1,-1,-1,1,-1,1,-1,1,-1,1,1,-1,1,-1,-1,1,-1,1,-1,1,1,1,-1,-1,-1,-1,-1,
-1,1,1,-1,1,1,1,-1,-1,1,1,1,1,-1,-1,1,-1,-1,-1,1,1,1,-1,-1,-1,1,1,1,-1,1,1,1,1,-1,-1,1,1,-1,-1,1,-1,1,1,-1,1,1,-1,-1,1,-1,-1,1,1,-1,1,-1,1,-1,-1,1,1,1,1,1,
1,-1,1,1,1,-1,-1,-1,1,1,1,1,1,-1,-1,-1,-1,-1,1,-1,-1,-1,-1,1,-1,1,-1,-1,-1,1,1,1,-1,-1,1,1,-1,-1,1,-1,1,-1,1,1,-1,-1,1,-1,-1,-1,1,-1,1,1,-1,-1,-1,1,1,-1,1,-1,-1,1,
1,1,-1,1,-1,1,1,1,1,-1,-1,-1,-1,-1,-1,1,1,1,1,-1,1,-1,1,1,-1,-1,-1,1,-1,-1,1,-1,1,-1,-1,-1,-1,-1,-1,-1,1,-1,1,-1,-1,-1,-1,1,1,1,-1,-1,1,-1,-1,1,1,1,1,1,-1,-1,-1,-1,
-1,1,-1,1,1,1,-1,1,1,1,-1,-1,1,-1,-1,1,-1,1,1,1,1,1,-1,1,1,1,-1,1,-1,1,1,-1,-1,1,1,-1,-1,-1,1,-1,1,-1,-1,1,-1,-1,1,1,-1,1,1,-1,1,1,-1,1,-1,-1,1,-1,1,-1,-1,1,
-1,-1,-1,1,-1,1,-1,1,1,-1,-1,-1,1,-1,-1,1,-1,-1,1,-1,1,-1,-1,-1,-1,1,-1,1,1,1,-1,-1,-1,-1,1,-1,1,-1,-1,1,1,1,1,-1,-1,-1,1,-1,-1,-1,1,1,1,-1,-1,-1,1,1,1,-1,1,-1,1,-1,

1,-1,-1,-1,1,-1,-1,1,1,-1,-1,-1,1,-1,-1,-1,-1,-1,1,1,-1,1,1,1,-1,1,-1,1,-1,1,1,-1,1,-1,1,-1,1,1,1,1,1,1,-1,-1,-1,-1,1,1,-1,-1,1,-1,1,-1,-1,1,1,1,-1,1,-1,-1,1,-1,
1,1,1,-1,1,-1,1,-1,-1,1,-1,1,-1,1,1,1,-1,-1,1,-1,1,-1,1,1,1,-1,-1,-1,-1,-1,1,1,1,1,-1,-1,1,1,-1,1,-1,1,1,1,-1,1,-1,1,1,1,-1,1,1,1,-1,1,-1,-1,1,-1,1,1,1,1,
1,-1,-1,1,1,-1,-1,1,1,-1,-1,1,1,-1,-1,-1,-1,-1,1,-1,1,-1,1,1,1,-1,-1,1,1,1,-1,-1,-1,-1,-1,-1,1,-1,1,1,1,1,1,-1,1,-1,1,-1,-1,1,-1,-1,1,-1,1,-1,1,1,1,-1,1,1,-1,1,
-1,1,1,-1,1,-1,-1,1,-1,-1,-1,-1,-1,1,1,-1,1,1,-1,1,1,-1,1,-1,-1,1,-1,1,-1,-1,-1,1,1,1,-1,1,1,1,-1,1,-1,1,1,1,-1,1,-1,-1,-1,-1,-1,-1,1,1,1,-1,-1,-1,-1,1,-1,1,-1,1,
1,1,-1,-1,-1,1,1,1,1,-1,1,-1,1,-1,-1,-1,1,1,1,-1,1,1,-1,1,-1,-1,1,1,-1,1,1,-1,-1,-1,1,-1,-1,-1,1,-1,-1,-1,1,-1,-1,-1,1,-1,-1,1,1,1,-1,-1,-1,1,1,1,1,1,1,1,-1,1,
1,-1,-1,1,-1,-1,-1,1,1,-1,1,-1,1,-1,-1,-1,-1,-1,-1,-1,1,-1,-1,1,-1,1,-1,-1,-1,1,-1,1,-1,-1,1,-1,1,-1,1,-1,1,-1,1,1,-1,-1,-1,1,-1,1,-1,-1,-1,-1,-1,1,1,1,1,-1,1,-1,-1,1,
-1,1,1,1,-1,-1,-1,-1,1,-1,-1,-1,1,1,1,1,-1,1,-1,-1,-1,1,-1,1,1,-1,-1,1,-1,-1,-1,-1,-1,-1,-1,1,1,-1,1,1,1,-1,1,1,-1,-1,-1,1,1,1,1,1,-1,-1,-1,1,-1,1,1,1,-1,-1,-1,1,
1,1,-1,1,-1,1,-1,1,-1,-1,-1,-1,-1,1,-1,-1,1,1,1,-1,-1,-1,-1,1,1,1,1,1,-1,1,1,-1,-1,-1,1,1,1,1,1,-1,-1,1,1,1,1,1,-1,1,-1,1,1,-1,1,1,-1,-1,1,1,1,1,1,-1,1,-1,
1,-1,1,-1,1,-1,1,1,-1,-1,1,1,1,1,1,1,1,1,-1,-1,1,-1,1,1,-1,-1,-1,-1,-1,-1,-1,1,1,1,-1,1,-1,1,1,1,-1,1,-1,1,1,1,1,-1,1,-1,1,1,-1,1,1,-1,-1,-1,-1,-1,1,1,1,1,
-1,1,1,1,-1,-1,1,1,1,1,1,1,1,1,1,1,1,-1,1,-1,-1,-1,-1,-1,1,-1,1,-1,1,-1,1,1,-1,1,1,-1,-1,-1,-1,-1,-1,-1,-1,-1,1,-1,-1,-1,-1,-1,-1,1,-1,1,1,-1,-1,1,1,-1,1,-1,1,1,
-1,-1,1,-1,-1,-1,1,1,-1,1,1,1,-1,1,1,1,-1,-1,1,1,-1,1,-1,-1,-1,-1,1,-1,1,-1,-1,1,1,1,-1,1,1,1,-1,-1,-1,1,1,-1,1,1,1,1,1,-1,-1,1,-1,1,1,1,-1,-1,-1,-1,-1,-1,1,1,
-1,1,1,1,1,-1,1,-1,-1,1,1,-1,1,-1,1,1,-1,-1,-1,1,-1,1,1,-1,-1,1,1,1,1,1,-1,1,-1,1,1,1,-1,1,1,1,1,-1,-1,-1,-1,-1,-1,-1,1,-1,-1,-1,-1,-1,1,-1,1,1,1,-1,1,1,1,1,
-1,-1,-1,1,-1,1,-1,-1,1,-1,1,-1,-1,-1,-1,1,-1,-1,-1,-1,-1,1,1,1,1,1,1,-1,-1,-1,-1,1,1,-1,-1,-1,1,-1,-1,-1,-1,-1,1,1,1,-1,-1,-1,-1,1,1,1,1,1,-1,1,1,1,-1,1,-1,1,-1,-1,
-1,1,-1,-1,1,-1,1,-1,1,-1,-1,-1,1,-1,-1,-1,-1,-1,-1,1,-1,-1,-1,1,1,1,-1,1,-1,1,-1,-1,-1,-1,-1,1,1,-1,1,-1,-1,-1,1,1,-1,1,1,1,-1,1,-1,-1,1,-1,1,1,1,1,-1,1,1,-1,-1,1,
1,-1,1,-1,-1,-1,1,1,1,-1,-1,-1,-1,-1,-1,-1,-1,-1,1,-1,1,-1,-1,-1,1,-1,-1,-1,-1,1,1,-1,-1,-1,-1,-1,-1,-1,1,1,1,1,1,-1,-1,1,1,1,1,1,1,-1,1,1,-1,1,1,1,1,1,1,1,-1,-1,
-1,1,1,-1,-1,-1,1,1,-1,1,1,1,-1,1,-1,1,1,1,1,1,1,-1,-1,-1,1,-1,1,-1,-1,-1,1,1,1,-1,-1,1,-1,1,-1,1,-1,1,-1,-1,1,1,1,-1,1,-1,-1,1,-1,-1,-1,-1,-1,1,-1,-1,1,-1,-1,1,
-1,1,-1,-1,-1,-1,1,1,-1,1,1,1,-1,1,-1,-1,1,-1,-1,1,1,-1,1,-1,1,1,-1,1,1,-1,1,1,1,1,-1,-1,-1,1,1,-1,1,-1,-1,1,1,-1,-1,1,-1,-1,1,-1,-1,-1,1,1,-1,-1,-1,1,-1,-1,1,1,
1,1,1,1,-1,1,-1,-1,-1,1,1,1,1,1,1,1,1,1,-1,1,-1,-1,-1,-1,-1,-1,1,1,1,1,1,-1,1,-1,-1,1,1,-1,1,1,-1,-1,-1,1,1,-1,-1,-1,-1,-1,-1,1,-1,-1,-1,-1,1,-1,-1,-1,-1,-1,1,-1,
1,-1,1,1,1,1,1,1,-1,-1,-1,1,-1,1,-1,1,-1,-1,1,1,-1,1,-1,1,-1,-1,-1,1,1,-1,1,-1,1,1,1,-1,1,-1,-1,1,-1,-1,-1,1,1,-1,1,1,-1,-1,1,1,1,1,-1,1,1,1,-1,-1,1,1,1,1,
-1,1,1,1,1,1,-1,1,-1,1,1,1,-1,1,1,1,-1,1,1,1,-1,1,1,-1,-1,1,-1,-1,1,1,1,1,-1,1,1,1,-1,1,1,-1,1,1,-1,-1,1,1,-1,1,1,-1,1,-1,1,-1,1,-1,-1,-1,-1,1,-1,-1,1,1,
1,-1,-1,1,1,1,-1,-1,1,-1,-1,-1,1,-1,-1,1,1,1,-1,-1,1,1,1,1,-1,-1,-1,1,1,1,1,-1,-1,-1,1,-1,1,1,-1,-1,1,1,1,1,1,-1,1,-1,1,1,-1,-1,1,-1,-1,-1,1,-1,1,1,1,1,-1,1,
-1,-1,-1,1,-1,1,1,-1,1,1,-1,-1,1,-1,-1,-1,-1,1,-1,-1,1,1,-1,1,1,-1,1,1,-1,1,1,-1,-1,-1,1,-1,1,-1,1,-1,-1,-1,-1,1,-1,-1,-1,1,-1,-1,-1,1,1,1,1,-1,-1,1,1,1,-1,-1,-1,-1,
1,-1,1,-1,-1,-1,1,1,-1,1,1,1,-1,-1,1,-1,1,1,-1,1,1,-1,1,-1,1,1,1,-1,-1,-1,1,1,1,1,-1,1,1,-1,1,1,1,1,-1,-1,1,1,-1,1,1,1,-1,1,-1,1,1,1,1,-1,1,-1,-1,1,1,-1,
-1,1,1,1,1,-1,1,1,-1,1,1,-1,-1,1,1,1,-1,-1,1,1,-1,1,-1,-1,-1,1,-1,1,1,-1,1,1,-1,1,-1,1,1,1,-1,1,1,1,-1,1,1,1,-1,1,1,-1,-1,1,-1,1,1,1,-1,-1,-1,1,-1,1,-1,-1,
1,-1,-1,-1,1,1,1,1,1,1,1,1,-1,1,1,-1,1,-1,1,1,-1,-1,1,-1,1,1,1,-1,-1,-1,1,1,-1,1,-1,1,1,1,-1,1,1,-1,1,1,-1,1,1,1,1,-1,-1,1,1,-1,1,-1,-1,-1,-1,-1,1,-1,1,-1,
1,-1,-1,1,1,1,1,-1,-1,-1,-1,1,-1,-1,-1,1,1,1,-1,1,1,-1,-1,-1,-1,-1,-1,1,-1,1,1,-1,1,-1,-1,-1,1,1,1,-1,1,-1,1,1,1,-1,1,-1,-1,1,1,-1,-1,-1,-1,1,1,-1,-1,-1,-1,1,1,1,
-1,-1,1,1,-1,-1,-1,1,1,-1,-1,1,1,-1,-1,-1,-1,1,-1,-1,1,1,-1,-1,-1,-1,1,1,-1,1,1,-1,-1,-1,-1,-1,-1,-1,1,-1,1,-1,-1,-1,1,-1,1,-1,1,1,-1,1,1,-1,-1,-1,1,1,1,-1,-1,-1,-1,-1,
1,-1,1,-1,1,-1,-1,1,-1,1,1,1,-1,-1,1,1,1,-1,1,1,-1,1,1,-1,1,1,-1,1,-1,-1,1,1,-1,1,-1,1,1,1,-1,1,-1,-1,-1,-1,1,1,-1,-1,-1,1,-1,1,1,-1,-1,-1,-1,-1,-1,-1,-1,1,1,-1,
1,1,-1,-1,-1,-1,1,1,-1,-1,1,1,1,1,-1,1,1,-1,-1,1,-1,-1,-1,1,1,1,-1,-1,1,1,-1,1,1,1,-1,1,1,-1,-1,1,1,1,-1,-1,1,1,-1,1,1,-1,-1,1,-1,1,-1,-1,-1,-1,-1,-1,-1,-1,1,1,
1,-1,-1,-1,1,1,1,1,1,-1,-1,1,1,1,1,1,-1,-1,1,1,1,-1,1,-1,1,1,-1,-1,-1,1,-1,-1,1,-1,-1,1,1,1,1,1,1,-1,-1,1,-1,1,-1,1,-1,-1,1,1,-1,1,1,1,-1,1,1,1,1,-1,-1,1,
1,-1,1,1,-1,1,-1,-1,1,1,1,1,-1,-1,-1,-1,-1,1,1,-1,-1,1,-1,1,1,-1,-1,1,-1,-1,1,-1,-1,-1,1,1,-1,-1,1,-1,1,-1,1,1,-1,-1,1,-1,-1,1,1,-1,-1,-1,-1,1,1,1,-1,-1,-1,1,1,1,
1,1,1,-1,-1,-1,1,1,-1,1,-1,1,1,1,1,1,1,-1,-1,1,-1,-1,-1,-1,-1,1,-1,1,-1,-1,1,1,-1,-1,1,-1,-1,1,-1,1,1,1,-1,1,-1,1,-1,-1,1,1,-1,-1,-1,1,1,1,-1,-1,-1,-1,1,-1,-1,-1,
-1,-1,1,-1,1,-1,-1,-1,-1,1,1,-1,1,1,1,-1,-1,1,-1,-1,1,-1,1,-1,1,-1,1,-1,1,-1,-1,1,-1,-1,-1,-1,1,1,1,1,-1,1,-1,-1,-1,1,-1,-1,-1,1,1,-1,1,-1,-1,1,1,-1,-1,1,-1,-1,-1,1,
1,1,-1,1,1,-1,-1,1,1,-1,-1,1,1,1,-1,-1,-1,-1,-1,-1,1,1,1,1,1,-1,-1,1,-1,1,-1,-1,-1,-1,1,-1,1,-1,1,-1,1,-1,1,1,-1,1,1,1,1,1,-1,-1,1,-1,-1,1,-1,-1,1,1,1,-1,-1,-1,
-1,-1,1,1,1,1,-1,1,1,-1,-1,1,-1,-1,-1,-1,1,-1,1,-1,-1,1,1,1,-1,-1,1,1,1,1,-1,-1,1,1,1,1,-1,-1,1,-1,-1,-1,1,1,1,-1,1,1,-1,1,1,1,1,1,-1,1,1,1,1,1,1,1,-1,-1,
-1,-1,-1,1,1,-1,1,1,-1,1,-1,1,-1,1,1,1,-1,-1,1,1,-1,-1,1,-1,-1,-1,1,-1,-1,-1,-1,1,1,1,1,1,1,-1,-1,1,1,1,-1,-1,-1,1,-1,-1,-1,-1,-1,-1,-1,1,-1,-1,-1,-1,-1,1,-1,1,1,1,
-1,1,-1,-1,1,-1,1,1,1,-1,1,1,1,1,1,1,-1,-1,-1,-1,-1,1,-1,-1,1,1,-1,-1,-1,-1,1,1,-1,1,-1,1,1,1,1,1,-1,1,1,-1,1,1,-1,1,1,-1,-1,1,1,1,-1,-1,-1,1,-1,1,-1,1,1,1,
1,1,-1,1,1,1,1,-1,1,-1,1,-1,-1,1,-1,-1,-1,-1,1,1,1,1,1,-1,1,-1,-1,-1,-1,1,1,-1,-1,-1,1,-1,-1,1,1,-1,1,1,1,-1,-1,1,1,-1,-1,1,1,-1,1,1,-1,1,1,1,1,-1,1,-1,-1,-1,
1,1,-1,1,-1,-1,-1,-1,1,1,1,-1,-1,1,1,-1,1,-1,1,-1,1,-1,-1,1,-1,1,1,1,-1,1,-1,-1,-1,1,-1,1,-1,-1,1,1,1,1,1,1,1,-1,1,1,1,-1,1,1,-1,1,1,-1,-1,-1,1,1,1,1,-1,-1,
-1,-1,-1,1,-1,1,1,-1,1,-1,-1,-1,1,-1,1,1,-1,1,-1,1,1,-1,1,1,1,1,-1,1,-1,1,-1,-1,1,1,1,-1,1,-1,1,-1,1,-1,-1,-1,-1,-1,1,1,1,1,-1,1,1,-1,-1,1,1,1,1,-1,1,-1,-1,1,
-1,-1,-1,1,-1,1,-1,1,1,-1,-1,-1,1,-1,-1,-1,1,1,-1,-1,1,1,1,1,1,1,1,1,1,1,-1,-1,-1,-1,-1,-1,1,-1,1,-1,1,1,1,1,-1,1,1,-1,1,1,1,-1,1,-1,-1,-1,-1,1,1,1,1,1,-1,1,
-1,1,-1,1,-1,1,1,1,-1,-1,1,-1,1,-1,-1,-1,1,1,1,1,1,-1,-1,1,1,-1,1,1,-1,1,-1,-1,-1,1,1,1,-1,-1,1,1,1,-1,1,1,-1,-1,1,-1,-1,1,1,-1,1,-1,-1,1,1,1,1,1,1,1,-1,1,
-1,1,1,1,-1,-1,-1,1,-1,1,1,-1,-1,-1,1,1,-1,-1,-1,1,-1,-1,1,-1,1,-1,1,-1,-1,-1,-1,1,1,1,-1,-1,-1,1,-1,1,-1,1,-1,-1,1,-1,-1,1,1,-1,1,-1,-1,1,1,-1,-1,-1,1,1,-1,-1,1,-1,
1,1,-1,-1,-1,1,1,-1,1,1,-1,1,-1,1,-1,-1,1,-1,1,1,-1,1,1,-1,-1,1,1,-1,1,-1,1,1,1,1,-1,1,1,1,-1,1,-1,1,-1,-1,-1,1,-1,1,-1,-1,1,1,-1,1,1,1,-1,1,-1,1,-1,-1,1,-1,
1,-1,-1,-1,-1,1,-1,-1,1,-1,1,1,-1,-1,-1,-1,-1,1,1,-1,1,-1,1,1,1,1,-1,1,-1,1,-1,-1,1,-1,1,-1,-1,-1,-1,1,1,-1,1,1,-1,1,1,-1,-1,-1,-1,-1,1,1,1,1,1,1,1,-1,-1,-1,-1,-1,
1,-1,-1,1,1,1,-1,1,1,1,1,1,1,1,-1,-1,1,1,-1,1,1,1,1,1,1,-1,-1,-1,-1,1,-1,-1,-1,-1,-1,-1,1,1,1,-1,-1,-1,1,-1,-1,1,-1,1,1,1,1,-1,1,-1,-1,1,1,1,1,1,1,1,1,-1,
1,-1,-1,1,1,-1,-1,-1,1,-1,-1,-1,-1,1,-1,-1,-1,-1,1,-1,-1,1,-1,1,-1,-1,-1,-1,-1,-1,1,-1,-1,1,1,-1,1,-1,1,-1,1,1,1,1,1,-1,1,1,1,1,1,-1,1,1,-1,-1,1,-1,-1,-1,-1,-1,-1,1,
1,1,-1,1,-1,1,1,1,-1,-1,1,1,-1,1,-1,-1,-1,1,1,-1,-1,-1,1,-1,1,-1,-1,1,-1,-1,-1,1,-1,-1,1,-1,1,-1,-1,-1,1,-1,-1,-1,1,1,1,1,-1,-1,1,-1,-1,-1,-1,1,1,-1,1,1,1,-1,-1,-1,
1,1,1,1,-1,-1,-1,-1,-1,1,-1,-1,1,1,1,-1,-1,-1,-1,1,-1,-1,1,1,1,1,-1,1,-1,-1,-1,-1,-1,-1,-1,-1,1,-1,-1,1,1,-1,-1,-1,1,-1,1,1,1,-1,-1,-1,1,1,1,1,-1,-1,1,-1,1,-1,1,-1,
-1,-1,1,1,1,1,-1,1,-1,-1,-1,-1,1,-1,-1,-1,-1,1,-1,-1,1,-1,-1,1,1,1,-1,-1,1,-1,1,1,-1,-1,1,-1,1,1,1,-1,1,-1,-1,1,-1,-1,1,-1,-1,-1,-1,1,1,-1,-1,1,1,1,1,1,1,-1,-1,-1,
1,-1,1,1,-1,1,1,-1,-1,-1,-1,-1,1,-1,-1,1,1,1,1,1,1,1,-1,1,-1,1,1,-1,-1,-1,1,-1,1,-1,-1,-1,1,1,-1,-1,1,-1,1,1,-1,-1,1,-1,1,1,-1,-1,1,-1,-1,1,-1,1,1,-1,1,-1,-1,-1,
1,-1,-1,1,-1,1,-1,-1,1,-1,-1,1,1,-1,-1,1,1,1,-1,-1,-1,-1,-1,-1,-1,-1,-1,-1,1,-1,-1,-1,-1,1,-1,1,1,1,1,-1,1,-1,1,1,1,-1,-1,1,1,-1,1,-1,1,-1,-1,1,-1,1,1,-1,-1,-1,1,-1,
1,1,1,-1,1,-1,1,-1,-1,1,1,1,-1,1,1,1,1,-1,-1,1,1,-1,1,-1,-1,-1,1,-1,1,1,-1,-1,1,-1,-1,1,1,1,-1,-1,-1,1,1,1,1,-1,1,1,-1,-1,-1,1,1,1,-1,-1,-1,-1,-1,-1,-1,1,1,-1,
1,-1,1,1,-1,1,-1,1,1,1,1,-1,1,-1,-1,-1,-1,1,1,-1,1,1,-1,1,1,-1,-1,1,-1,1,1,1,-1,-1,1,1,1,-1,-1,-1,-1,1,1,1,-1,-1,-1,-1,-1,1,1,1,1,-1,-1,1,1,1,1,-1,1,1,1,-1,
-1,-1,1,-1,1,1,1,-1,-1,1,1,-1,1,-1,-1,-1,1,-1,1,-1,-1,1,-1,-1,-1,-1,-1,-1,1,-1,1,1,1,-1,-1,-1,1,1,-1,1,-1,1,1,-1,1,1,1,-1,-1,-1,-1,1,-1,1,1,-1,1,-1,-1,-1,-1,1,1,-1,
-1,1,-1,1,1,-1,-1,-1,1,-1,-1,-1,-1,-1,1,-1,-1,-1,1,1,1,-1,-1,1,1,-1,-1,1,-1,1,-1,1,-1,1,-1,-1,1,1,1,-1,1,1,1,-1,1,-1,1,-1,-1,-1,1,-1,1,-1,-1,1,-1,1,-1,-1,1,-1,-1,-1,
1,-1,1,1,1,1,-1,1,-1,1,-1,1,1,1,1,-1,1,-1,1,-1,1,-1,-1,-1,-1,1,1,-1,1,-1,-1,-1,-1,-1,-1,-1,1,1,-1,1,-1,1,-1,-1,1,1,-1,1,1,-1,1,1,1,1,1,-1,-1,-1,-1,1,-1,1,1,-1,
-1,-1,1,-1,1,-1,1,-1,-1,1,1,-1,-1,-1,1,1,1,-1,-1,1,-1,1,1,1,1,-1,-1,1,-1,-1,1,1,1,1,1,1,1,1,-1,1,-1,1,-1,-1,1,1,-1,1,-1,1,-1,1,-1,1,1,1,1,-1,1,1,1,-1,1,1,
-1,1,-1,1,1,1,-1,-1,1,-1,-1,1,1,-1,-1,-1,-1,1,-1,1,1,-1,-1,1,-1,-1,-1,-1,-1,-1,-1,1,-1,-1,1,1,1,-1,1,-1,1,-1,1,-1,1,1,-1,1,1,1,-1,-1,-1,-1,1,-1,1,1,1,-1,-1,-1,-1,1,
1,-1,-1,-1,-1,-1,1,-1,-1,-1,1,1,-1,-1,1,1,1,1,-1,-1,1,1,1,-1,1,-1,1,-1,1,-1,-1,1,1,-1,-1,-1,1,-1,-1,1,-1,1,-1,-1,1,1,-1,1,1,1,-1,1,-1,1,1,-1,-1,-1,-1,-1,-1,1,-1,1,
-1,1,-1,1,-1,1,-1,-1,1,-1,-1,1,-1,-1,-1,-1,-1,1,1,-1,1,1,-1,-1,-1,1,-1,1,1,1,-1,1,-1,-1,1,-1,-1,-1,1,-1,1,-1,-1,1,1,-1,1,-1,-1,-1,1,-1,1,-1,-1,1,1,1,1,-1,1,-1,-1,-1,
1,-1,-1,1,1,1,-1,-1,-1,-1,1,-1,1,1,-1,1,-1,1,-1,-1,1,-1,-1,1,1,1,-1,-1,-1,1,1,-1,1,-1,1,-1,-1,-1,1,-1,1,-1,1,1,1,-1,1,-1,-1,1,1,-1,1,-1,-1,1,1,1,1,-1,-1,-1,-1,1,
-1,-1,-1,1,1,-1,1,1,1,1,1,-1,-1,-1,-1,1,-1,-1,1,1,1,1,1,1,-1,1,1,1,-1,-1,1,-1,-1,-1,-1,-1,1,-1,1,-1,1,-1,-1,1,-1,1,1,-1,-1,-1,1,-1,1,-1,1,1,1,1,1,1,1,-1,-1,1,
-1,-1,-1,1,-1,1,-1,1,1,-1,-1,1,1,-1,-1,-1,-1,1,1,-1,-1,1,-1,1,1,1,1,1,-1,1,1,1,-1,-1,1,1,-1,-1,1,-1,1,1,1,1,1,-1,-1,-1,1,-1,-1,-1,1,-1,-1,1,1,1,-1,-1,1,1,-1,-1,

-1,1,-1,1,1,1,1,-1,1,-1,-1,1,1,-1,-1,-1,1,1,-1,-1,-1,-1,1,1,1,1,1,1,-1,1,1,-1,-1,1,1,1,-1,1,-1,1,1,-1,1,1,-1,1,1,1,-1,1,-1,-1,1,1,-1,1,1,1,1,-1,1,1,1,1,
-1,1,1,-1,-1,-1,1,1,-1,-1,-1,1,-1,1,1,1,1,-1,1,1,1,-1,1,-1,1,1,1,-1,1,-1,-1,-1,1,1,1,1,-1,1,-1,-1,-1,1,1,-1,-1,1,-1,-1,1,-1,1,1,-1,1,1,-1,-1,-1,-1,1,-1,1,1,1,
1,1,1,-1,-1,1,-1,-1,1,-1,1,1,-1,1,-1,1,-1,1,-1,-1,-1,-1,-1,-1,1,-1,1,-1,-1,-1,1,-1,1,-1,1,-1,1,1,1,-1,1,-1,1,-1,-1,-1,1,-1,1,1,-1,1,1,-1,-1,1,1,1,1,-1,1,-1,-1,1,
-1,1,1,1,1,1,1,1,-1,-1,1,1,1,1,1,1,1,1,-1,1,-1,-1,1,-1,-1,-1,1,-1,1,1,1,1,1,-1,1,-1,1,-1,-1,1,-1,1,1,-1,-1,-1,1,-1,-1,-1,-1,1,-1,1,1,-1,-1,-1,1,1,-1,-1,1,-1,
-1,1,-1,1,1,1,1,-1,-1,-1,-1,1,1,1,-1,-1,-1,1,1,-1,1,-1,-1,1,1,-1,-1,1,1,1,1,-1,-1,-1,1,1,-1,-1,1,-1,1,1,-1,-1,-1,-1,1,-1,-1,-1,-1,-1,1,-1,-1,1,1,1,-1,-1,1,1,1,-1,
1,1,1,-1,1,-1,1,1,1,-1,-1,-1,-1,-1,-1,1,-1,1,-1,-1,1,1,1,1,1,-1,-1,-1,-1,-1,-1,1,-1,-1,1,-1,-1,-1,-1,-1,-1,-1,1,1,-1,1,1,-1,-1,1,-1,-1,1,-1,-1,-1,1,1,1,1,-1,1,-1,-1,
1,1,-1,-1,1,1,-1,1,-1,1,1,1,1,1,-1,-1,-1,-1,-1,-1,-1,1,-1,1,-1,1,1,1,1,-1,-1,1,-1,-1,1,1,1,-1,1,-1,1,1,1,1,1,-1,1,1,-1,1,1,-1,1,1,-1,-1,-1,1,-1,1,-1,1,1,-1,
1,1,-1,1,-1,1,-1,-1,1,-1,-1,-1,-1,1,-1,1,1,1,-1,-1,-1,1,1,1,1,1,-1,1,-1,1,1,-1,-1,-1,1,-1,-1,-1,-1,-1,-1,-1,1,1,-1,-1,1,-1,-1,-1,-1,-1,1,1,1,-1,1,1,1,-1,-1,-1,-1,-1,
1,-1,1,-1,1,-1,-1,1,-1,1,1,1,1,1,1,1,1,-1,1,1,-1,1,-1,-1,-1,-1,-1,-1,-1,1,-1,1,1,1,-1,1,1,1,-1,1,1,1,-1,1,1,1,-1,-1,-1,-1,1,-1,-1,-1,-1,-1,-1,1,1,1,-1,-1,1,1,
-1,1,-1,1,-1,1,-1,1,1,1,1,1,1,1,-1,1,1,1,1,-1,1,-1,1,1,-1,1,-1,1,-1,1,-1,-1,1,1,-1,1,-1,-1,-1,-1,1,1,1,-1,1,1,1,-1,1,-1,-1,1,1,-1,1,-1,1,1,-1,-1,-1,-1,1,1,
-1,1,-1,-1,1,-1,1,-1,1,-1,1,1,1,-1,1,1,1,-1,-1,-1,-1,-1,1,1,1,-1,1,-1,1,1,-1,-1,1,1,-1,1,1,1,-1,1,-1,1,-1,-1,-1,1,1,-1,-1,1,-1,-1,-1,1,1,-1,-1,-1,-1,1,1,1,1,1,
-1,-1,-1,1,1,1,1,-1,-1,1,1,1,1,1,-1,1,1,1,1,1,-1,-1,-1,-1,1,1,-1,-1,1,1,1,1,-1,1,-1,1,-1,-1,1,-1,1,1,-1,-1,1,-1,-1,1,1,-1,-1,-1,-1,1,1,-1,1,1,1,1,-1,-1,-1,-1,
1,-1,-1,1,-1,1,-1,-1,1,-1,1,1,1,-1,-1,-1,1,1,1,1,1,1,-1,1,-1,1,-1,-1,-1,1,-1,1,-1,1,1,-1,1,-1,1,-1,-1,-1,-1,-1,-1,-1,1,1,1,1,1,-1,-1,-1,-1,1,1,1,-1,-1,1,1,1,-1,
1,-1,1,-1,-1,1,-1,-1,1,-1,1,-1,-1,-1,-1,-1,-1,1,1,1,1,1,1,1,1,-1,-1,-1,-1,-1,-1,1,1,1,1,1,1,-1,1,-1,1,1,1,-1,-1,1,1,1,1,1,1,1,1,-1,-1,1,1,-1,-1,-1,-1,1,1,-1,
1,-1,-1,1,-1,1,1,-1,1,-1,-1,1,1,-1,-1,-1,-1,-1,-1,-1,1,1,-1,1,-1,1,1,1,-1,1,-1,-1,-1,1,1,-1,1,-1,1,-1,1,-1,1,1,-1,-1,1,1,1,-1,1,-1,1,1,-1,-1,-1,-1,1,-1,-1,-1,-1,-1,
1,-1,1,-1,1,-1,1,1,-1,1,1,-1,1,1,1,1,1,-1,-1,1,1,-1,-1,-1,1,-1,-1,1,1,-1,1,-1,1,1,-1,1,-1,1,-1,-1,-1,1,-1,1,1,1,-1,1,1,1,-1,-1,-1,-1,1,1,-1,-1,-1,1,-1,1,1,1,
-1,-1,-1,-1,-1,1,1,1,-1,1,-1,-1,1,-1,-1,1,-1,-1,-1,1,1,1,1,-1,1,1,1,-1,1,-1,1,1,1,-1,1,1,1,-1,-1,-1,-1,1,-1,-1,-1,-1,-1,-1,1,1,-1,1,-1,-1,1,-1,-1,1,-1,1,-1,1,1,1,
1,1,1,1,1,-1,-1,1,1,1,1,-1,-1,1,1,1,1,-1,1,1,1,1,-1,-1,-1,1,-1,1,1,-1,1,1,-1,1,-1,1,1,-1,1,1,1,1,-1,-1,1,1,-1,-1,-1,-1,-1,1,-1,-1,-1,-1,1,1,-1,-1,1,-1,1,1,
-1,-1,-1,1,-1,1,-1,-1,-1,-1,-1,1,1,-1,-1,-1,1,1,1,1,1,1,1,1,-1,1,-1,-1,-1,-1,1,1,-1,1,1,1,1,1,1,-1,-1,1,1,1,1,1,-1,1,1,1,1,1,1,1,-1,1,-1,-1,-1,-1,1,1,-1,-1,
1,1,1,1,-1,-1,1,-1,-1,-1,1,-1,-1,1,1,1,1,1,1,-1,-1,1,1,1,-1,-1,1,1,1,-1,-1,1,1,1,1,1,1,1,-1,1,-1,1,1,-1,1,1,-1,-1,1,-1,-1,-1,-1,1,1,-1,1,-1,-1,-1,-1,1,1,1,
-1,-1,-1,1,1,-1,-1,-1,1,-1,-1,-1,1,-1,-1,1,-1,-1,-1,1,1,1,1,-1,1,-1,-1,1,-1,1,-1,1,-1,-1,-1,-1,-1,1,1,-1,-1,-1,1,1,1,-1,1,-1,1,-1,-1,-1,1,-1,-1,1,1,1,1,-1,1,1,-1,1,
1,-1,-1,1,-1,1,1,-1,1,1,1,-1,1,-1,-1,1,-1,-1,-1,-1,1,1,-1,1,-1,-1,-1,1,1,1,1,-1,-1,-1,1,-1,1,-1,-1,-1,1,-1,1,1,-1,-1,1,-1,1,-1,1,-1,1,-1,-1,1,1,1,1,-1,-1,1,-1,1,
-1,-1,1,-1,1,1,1,-1,-1,1,-1,-1,1,1,1,1,1,-1,1,1,-1,-1,-1,-1,1,1,1,-1,1,-1,1,1,1,1,-1,1,-1,-1,-1,1,-1,-1,-1,-1,1,-1,1,1,-1,-1,1,1,1,1,1,1,-1,-1,-1,-1,-1,1,-1,1,
1,1,-1,1,1,-1,1,-1,-1,1,-1,1,-1,1,1,1,1,-1,1,-1,-1,-1,1,-1,1,-1,-1,-1,1,-1,1,-1,1,1,-1,1,1,1,-1,1,-1,1,-1,1,-1,-1,1,1,-1,1,1,1,-1,1,1,-1,-1,-1,-1,-1,1,-1,1,1,
-1,1,1,-1,1,-1,1,1,-1,1,1,1,-1,1,1,1,1,1,1,-1,-1,-1,1,1,1,1,-1,1,1,1,-1,-1,-1,-1,1,-1,1,-1,-1,1,-1,1,1,-1,-1,1,-1,1,1,1,-1,1,-1,1,-1,-1,-1,1,1,1,1,-1,-1,1,
-1,-1,-1,1,-1,-1,1,1,-1,1,-1,-1,1,1,1,1,-1,1,1,-1,1,-1,-1,1,-1,-1,-1,1,1,1,1,1,-1,-1,1,-1,1,-1,1,-1,-1,-1,1,1,1,-1,1,-1,1,1,1,-1,-1,1,-1,1,-1,1,-1,-1,1,1,1,1,
1,-1,1,1,1,1,-1,-1,1,-1,-1,-1,1,-1,1,-1,-1,-1,-1,1,1,1,-1,1,1,1,-1,-1,-1,1,-1,-1,1,-1,1,1,-1,1,1,1,-1,1,-1,-1,-1,-1,1,-1,1,1,1,-1,1,-1,-1,1,1,1,1,1,1,-1,-1,1,
1,1,1,-1,1,-1,1,1,1,1,1,-1,1,-1,1,-1,1,-1,-1,1,-1,-1,1,-1,1,-1,1,-1,-1,-1,1,1,1,1,-1,1,1,1,1,1,-1,1,-1,1,1,-1,1,1,-1,-1,-1,1,-1,-1,1,-1,-1,-1,-1,1,-1,-1,1,-1,
-1,1,1,-1,-1,1,-1,1,-1,1,1,1,-1,1,1,1,-1,1,1,-1,1,-1,-1,-1,1,1,1,-1,1,1,-1,-1,1,1,1,1,1,1,-1,-1,-1,1,-1,1,-1,1,-1,1,1,-1,1,1,1,-1,1,-1,-1,-1,-1,-1,-1,1,-1,1,
-1,1,-1,-1,-1,1,-1,1,1,1,1,1,1,1,1,1,1,-1,-1,-1,-1,-1,-1,1,1,1,-1,1,1,1,-1,1,-1,1,-1,1,1,1,1,-1,-1,1,-1,1,-1,1,1,-1,1,-1,1,-1,-1,1,1,-1,-1,-1,-1,-1,1,-1,1,-1,
-1,1,-1,1,-1,1,-1,1,1,1,-1,-1,1,-1,-1,-1,-1,1,-1,-1,1,1,-1,1,1,1,1,1,1,-1,1,-1,-1,-1,1,-1,1,-1,1,-1,-1,1,1,1,-1,-1,1,-1,-1,-1,-1,1,1,1,-1,-1,1,1,1,-1,-1,1,-1,1,
-1,1,1,-1,1,-1,1,1,1,1,1,1,-1,1,1,1,1,-1,1,1,-1,-1,1,1,-1,1,1,-1,-1,-1,1,1,1,1,-1,1,1,1,-1,-1,1,1,-1,-1,-1,1,-1,1,1,-1,1,-1,-1,-1,1,-1,-1,-1,1,1,-1,1,1,-1,
-1,-1,1,1,1,-1,-1,-1,1,-1,1,-1,1,-1,1,-1,1,-1,1,1,1,1,1,-1,-1,1,-1,1,1,-1,1,1,1,1,1,-1,-1,1,1,1,1,1,1,-1,-1,-1,-1,1,1,1,1,-1,1,1,-1,-1,1,-1,1,1,-1,1,-1,-1,
-1,-1,-1,-1,1,1,-1,-1,1,1,-1,-1,1,-1,-1,-1,-1,1,1,-1,1,1,-1,1,1,-1,-1,1,-1,1,-1,1,-1,-1,1,-1,-1,-1,1,-1,-1,-1,-1,1,-1,-1,-1,1,1,1,1,-1,1,-1,-1,1,-1,1,1,-1,1,1,-1,-1,
1,-1,-1,-1,-1,-1,-1,-1,1,1,-1,-1,-1,-1,1,1,-1,-1,-1,-1,-1,-1,1,1,-1,-1,-1,1,-1,1,1,1,1,-1,1,-1,-1,-1,1,1,1,-1,1,1,-1,-1,-1,-1,1,1,1,1,1,1,-1,1,1,1,-1,-1,1,1,-1,-1,
-1,1,1,1,1,-1,1,-1,-1,1,1,-1,1,1,1,1,1,-1,-1,1,-1,1,1,-1,1,-1,-1,-1,1,-1,-1,-1,-1,-1,-1,1,-1,-1,-1,1,1,1,-1,1,1,-1,1,1,1,-1,1,1,-1,1,1,1,1,1,-1,1,-1,1,-1,1,
-1,-1,1,-1,1,-1,1,-1,-1,1,-1,-1,-1,1,1,1,-1,-1,1,-1,-1,1,1,1,-1,1,1,1,1,1,1,1,-1,1,-1,1,-1,1,1,1,1,1,-1,-1,1,1,-1,1,1,-1,1,-1,-1,-1,-1,1,-1,-1,-1,-1,-1,-1,1,-1,
1,-1,-1,1,1,1,1,-1,1,-1,-1,1,1,-1,1,-1,1,-1,1,1,1,-1,-1,1,-1,1,-1,1,1,-1,1,1,1,1,1,-1,1,-1,1,-1,1,-1,1,1,-1,-1,1,1,-1,1,1,-1,-1,1,-1,1,1,1,1,-1,1,-1,-1,-1,
1,-1,-1,1,-1,-1,1,-1,1,1,1,-1,1,-1,-1,1,-1,-1,-1,-1,-1,-1,1,1,1,-1,1,1,-1,-1,-1,-1,-1,1,-1,-1,1,-1,1,-1,1,-1,1,-1,1,1,-1,1,1,1,-1,-1,1,-1,1,1,1,1,1,-1,1,-1,-1,-1,
-1,-1,-1,1,-1,-1,1,1,1,-1,-1,1,1,-1,-1,-1,-1,1,-1,-1,-1,1,-1,1,-1,1,1,-1,-1,1,-1,-1,-1,-1,1,-1,1,-1,-1,-1,1,-1,1,-1,-1,1,-1,-1,1,1,-1,-1,1,-1,1,1,-1,1,1,-1,1,-1,-1,1,
1,-1,1,1,-1,-1,-1,-1,1,-1,1,1,-1,1,1,-1,1,-1,-1,-1,1,1,-1,-1,1,-1,-1,1,-1,1,-1,-1,-1,-1,-1,1,-1,-1,-1,-1,1,-1,-1,-1,1,-1,1,-1,-1,1,1,1,1,-1,-1,-1,1,1,-1,1,1,1,-1,1,
1,-1,-1,1,1,1,-1,-1,-1,-1,1,-1,-1,1,-1,-1,-1,-1,-1,1,1,1,-1,1,-1,-1,-1,-1,1,-1,1,-1,1,1,-1,-1,-1,-1,1,-1,1,-1,1,-1,-1,-1,1,-1,-1,1,1,-1,1,-1,1,1,1,-1,-1,-1,1,-1,-1,-1,
1,1,-1,-1,1,1,-1,1,-1,1,1,1,-1,-1,1,-1,-1,-1,1,1,1,-1,1,-1,1,-1,-1,1,-1,-1,1,-1,1,1,-1,-1,-1,-1,-1,1,1,1,-1,-1,1,1,1,1,1,-1,-1,-1,-1,1,-1,-1,-1,-1,-1,-1,-1,1,-1,1,
-1,1,-1,-1,1,1,-1,1,-1,-1,1,1,1,1,-1,1,1,1,1,1,-1,1,1,-1,1,1,-1,1,-1,-1,1,1,1,-1,-1,1,1,1,1,1,1,1,1,-1,1,1,-1,1,-1,-1,1,-1,-1,1,1,-1,-1,-1,-1,1,-1,1,-1,1,
-1,-1,-1,1,-1,-1,-1,1,1,-1,-1,-1,1,-1,-1,-1,-1,-1,1,1,1,1,-1,1,-1,1,-1,1,-1,-1,1,-1,-1,1,1,-1,-1,1,1,-1,1,-1,1,-1,-1,-1,1,1,-1,-1,1,-1,1,1,-1,1,1,-1,1,-1,1,1,-1,-1,
1,-1,-1,1,-1,1,-1,1,1,-1,-1,-1,1,-1,-1,1,-1,1,-1,1,1,-1,-1,1,1,1,1,1,-1,1,1,1,-1,-1,1,1,-1,-1,-1,-1,1,1,-1,1,-1,-1,1,-1,1,1,-1,-1,-1,1,-1,1,1,1,1,1,1,-1,-1,-1,
1,-1,-1,-1,1,-1,1,1,-1,1,-1,1,1,1,1,-1,-1,1,-1,-1,1,1,-1,1,-1,1,-1,1,1,1,1,-1,-1,1,-1,-1,-1,-1,1,-1,1,-1,-1,1,-1,-1,1,1,-1,1,1,-1,-1,-1,-1,1,-1,-1,-1,-1,1,-1,1,-1,
1,-1,1,-1,-1,1,1,1,-1,1,1,-1,-1,1,1,-1,1,-1,-1,1,-1,-1,-1,1,1,1,-1,-1,-1,1,1,1,-1,-1,-1,-1,-1,-1,-1,1,-1,1,-1,1,-1,-1,-1,1,1,1,1,-1,-1,-1,-1,1,1,1,1,1,1,-1,-1,1,
1,1,1,1,-1,1,1,-1,-1,-1,-1,1,-1,1,1,-1,1,-1,1,-1,-1,1,-1,1,1,-1,-1,-1,1,-1,-1,-1,1,-1,1,1,-1,-1,-1,-1,-1,1,1,-1,-1,1,-1,1,1,-1,-1,-1,1,-1,1,1,1,-1,-1,-1,-1,1,-1,1,
-1,-1,-1,-1,1,1,-1,1,1,-1,-1,-1,-1,-1,-1,-1,-1,1,-1,-1,-1,-1,-1,-1,1,1,-1,-1,1,-1,-1,-1,-1,-1,1,-1,1,1,-1,-1,1,-1,1,1,-1,1,1,-1,1,1,-1,-1,1,-1,-1,1,1,1,-1,-1,1,-1,-1,-1,
1,-1,1,-1,1,-1,-1,-1,1,1,-1,-1,1,1,-1,1,-1,-1,1,1,-1,1,-1,1,1,-1,1,-1,-1,-1,-1,-1,-1,1,1,-1,1,-1,-1,1,1,1,-1,1,-1,1,-1,-1,-1,1,1,-1,-1,1,-1,-1,1,-1,1,-1,1,-1,1,-1,
1,-1,1,-1,1,-1,-1,1,1,-1,-1,-1,1,-1,1,1,-1,-1,1,1,-1,-1,-1,-1,1,1,-1,1,-1,1,1,-1,-1,1,-1,-1,-1,-1,1,-1,1,1,-1,-1,-1,1,1,-1,1,-1,-1,-1,1,-1,-1,1,1,-1,-1,-1,-1,1,1,-1,
-1,-1,1,-1,-1,1,1,1,-1,1,1,-1,-1,1,1,1,-1,1,1,1,-1,1,1,1,-1,-1,-1,-1,1,-1,-1,1,1,1,-1,1,-1,1,-1,1,-1,1,-1,1,1,1,1,1,1,-1,1,-1,-1,1,-1,1,-1,-1,-1,1,1,1,-1,1,
1,1,-1,1,-1,1,-1,-1,1,-1,-1,-1,1,-1,-1,-1,-1,1,1,1,-1,1,-1,1,1,1,-1,1,1,1,-1,-1,-1,-1,1,-1,-1,-1,-1,-1,-1,-1,1,1,-1,1,1,-1,-1,1,-1,-1,-1,1,1,1,1,1,1,-1,-1,-1,1,1,
1,-1,1,-1,1,1,-1,-1,1,1,1,-1,-1,1,1,-1,1,-1,-1,-1,1,1,-1,-1,1,-1,1,-1,1,1,1,1,-1,1,-1,1,1,1,1,1,-1,-1,-1,1,1,1,1,-1,-1,-1,-1,1,-1,1,-1,-1,-1,-1,-1,-1,-1,-1,1,1,
-1,-1,1,1,-1,-1,1,-1,1,-1,-1,-1,-1,1,-1,-1,1,1,-1,-1,-1,1,-1,1,1,-1,1,1,-1,1,1,-1,-1,-1,1,-1,-1,1,-1,-1,1,-1,1,-1,-1,-1,-1,-1,1,1,1,-1,1,1,-1,1,1,1,-1,1,1,1,1,-1,
-1,-1,1,1,-1,-1,-1,-1,1,1,1,1,1,1,1,1,1,-1,1,-1,1,1,1,-1,-1,1,1,-1,1,-1,1,1,-1,1,-1,1,1,1,-1,-1,-1,1,1,-1,1,-1,1,1,-1,-1,-1,1,1,-1,-1,-1,1,-1,-1,-1,1,-1,1,1,
1,-1,-1,-1,1,-1,1,1,-1,1,1,-1,1,-1,1,-1,1,-1,1,1,-1,1,1,-1,1,1,-1,1,1,-1,-1,1,1,1,1,-1,1,-1,-1,1,1,1,-1,-1,-1,1,-1,1,1,-1,-1,-1,1,-1,1,1,1,-1,-1,1,1,1,1,-1,
1,-1,-1,-1,-1,1,-1,-1,1,1,1,1,1,-1,-1,-1,-1,-1,-1,-1,-1,1,-1,1,-1,-1,-1,1,-1,-1,-1,1,-1,-1,1,1,1,-1,1,-1,-1,-1,1,1,1,1,-1,-1,1,1,1,-1,1,-1,-1,1,1,-1,1,1,1,-1,-1,-1,
-1,1,1,1,-1,-1,-1,-1,-1,1,-1,-1,-1,1,1,1,1,-1,-1,-1,-1,1,1,-1,-1,-1,-1,-1,-1,1,-1,1,1,1,1,1,-1,1,-1,1,-1,-1,-1,-1,1,1,-1,-1,1,-1,-1,1,-1,1,1,-1,-1,1,-1,-1,-1,1,1,-1,
1,1,1,1,-1,1,-1,-1,1,-1,1,1,1,-1,-1,1,-1,-1,1,-1,-1,-1,1,1,-1,-1,1,1,-1,1,1,1,-1,1,1,-1,-1,-1,1,1,-1,-1,1,1,1,-1,1,-1,1,-1,1,-1,1,1,-1,1,-1,1,-1,1,-1,-1,-1,-1,
1,1,-1,-1,-1,1,-1,1,1,-1,-1,-1,-1,-1,-1,-1,-1,-1,-1,-1,1,1,-1,1,-1,-1,-1,-1,-1,1,1,1,1,-1,1,-1,-1,1,1,1,1,-1,1,1,-1,-1,1,-1,1,-1,1,-1,1,-1,-1,1,1,1,1,-1,-1,-1,-1,-1,
-1,-1,-1,1,-1,1,1,1,1,1,-1,1,1,-1,-1,1,-1,1,-1,-1,-1,1,-1,1,1,1,1,1,1,1,1,-1,-1,-1,1,1,1,-1,1,-1,1,-1,1,1,-1,-1,1,1,-1,-1,1,-1,1,1,-1,1,1,-1,-1,-1,-1,-1,1,-1,
1,1,-1,1,-1,1,-1,-1,1,-1,-1,1,1,-1,-1,1,1,1,-1,-1,-1,1,-1,-1,1,-1,1,1,-1,1,1,-1,-1,-1,1,-1,1,-1,1,1,-1,-1,1,1,1,1,-1,-1,-1,1,1,-1,1,-1,-1,1,1,1,1,1,-1,-1,-1,-1,


1,1,1,1,1,1,1,1,-1,1,-1,-1,1,-1,-1,-1,1,1,-1,-1,-1,-1,1,1,-1,1,1,1,-1,-1,-1,-1,-1,1,1,1,-1,1,1,-1,1,-1,1,1,-1,1,1,-1,-1,1,1,-1,1,1,1,1,-1,1,-1,1,1,-1,-1,-1,
-1,1,-1,-1,1,-1,-1,1,1,-1,-1,1,-1,-1,1,-1,1,-1,1,-1,1,-1,1,-1,1,-1,1,1,1,-1,-1,-1,1,1,1,1,-1,1,-1,1,-1,-1,-1,-1,1,1,-1,1,1,1,1,1,-1,1,1,-1,1,1,-1,-1,1,-1,-1,1,
1,1,-1,1,-1,1,-1,1,1,-1,-1,1,1,1,-1,-1,-1,-1,-1,-1,1,-1,1,1,-1,1,-1,1,-1,1,-1,-1,1,1,1,-1,-1,-1,-1,-1,-1,1,-1,-1,-1,-1,1,-1,1,1,-1,-1,1,-1,1,1,-1,1,1,1,1,1,-1,-1,
-1,-1,-1,-1,-1,-1,1,-1,1,1,-1,1,-1,1,1,1,1,-1,-1,-1,-1,1,-1,-1,-1,-1,-1,1,1,-1,-1,1,1,1,-1,1,1,1,1,1,-1,1,-1,-1,1,-1,1,1,-1,-1,1,1,-1,1,1,-1,-1,-1,1,-1,1,-1,1,-1,
-1,-1,-1,1,-1,1,-1,1,1,-1,-1,1,1,1,-1,-1,-1,1,-1,-1,1,1,-1,1,1,-1,1,-1,1,-1,-1,-1,-1,-1,-1,-1,-1,1,1,-1,1,-1,1,1,-1,-1,1,-1,1,-1,1,-1,1,-1,-1,1,1,-1,1,-1,1,-1,-1,-1,
1,-1,-1,1,-1,1,1,-1,1,-1,1,-1,-1,1,-1,1,-1,1,-1,-1,1,1,1,1,1,1,-1,-1,-1,1,-1,-1,-1,1,-1,-1,-1,-1,1,-1,-1,-1,1,-1,-1,1,1,1,1,1,-1,1,1,-1,-1,1,1,1,1,-1,-1,1,-1,-1,
-1,1,-1,-1,-1,-1,-1,1,1,-1,1,-1,-1,-1,-1,1,-1,-1,1,-1,-1,-1,-1,1,1,1,1,1,1,1,-1,-1,-1,-1,-1,-1,1,-1,-1,-1,-1,1,1,1,-1,-1,1,-1,1,1,1,1,-1,1,-1,1,1,-1,1,1,1,-1,-1,1,
1,1,-1,1,1,1,-1,-1,1,-1,-1,-1,-1,-1,-1,1,-1,1,-1,-1,1,1,-1,1,1,1,-1,-1,-1,1,1,-1,1,-1,1,-1,1,-1,1,-1,-1,1,-1,-1,-1,-1,-1,1,1,1,1,-1,1,-1,-1,1,1,1,1,-1,-1,1,-1,1,
-1,1,1,-1,-1,-1,1,-1,-1,1,1,-1,-1,-1,1,-1,-1,-1,-1,1,1,-1,1,1,-1,-1,-1,1,-1,-1,-1,1,1,1,-1,1,-1,1,-1,-1,1,-1,-1,1,1,1,-1,1,-1,-1,-1,1,-1,1,1,-1,-1,-1,-1,-1,1,1,-1,1,
-1,1,1,-1,1,1,1,1,-1,1,1,1,-1,1,-1,1,1,1,1,-1,-1,-1,1,1,-1,1,1,-1,1,-1,1,-1,1,1,1,1,-1,1,-1,1,-1,1,-1,1,1,1,-1,1,-1,1,-1,1,-1,-1,1,1,1,-1,-1,-1,-1,-1,-1,1,
1,1,1,-1,-1,-1,-1,-1,-1,1,1,-1,1,-1,1,-1,1,-1,-1,1,-1,-1,-1,-1,1,1,1,-1,1,-1,-1,1,1,-1,-1,1,1,1,-1,-1,-1,1,1,1,1,1,-1,1,-1,-1,1,-1,-1,-1,-1,-1,-1,1,-1,1,-1,-1,-1,1,
-1,1,-1,1,-1,-1,1,-1,-1,1,1,-1,1,-1,1,1,1,-1,1,-1,-1,1,-1,-1,1,1,-1,-1,1,-1,-1,-1,1,-1,1,1,-1,-1,1,1,1,-1,1,1,-1,-1,-1,-1,-1,-1,-1,-1,1,1,1,1,1,1,-1,1,-1,-1,-1,1,
-1,1,-1,1,-1,1,-1,-1,-1,-1,-1,-1,-1,-1,-1,1,-1,-1,1,1,1,1,-1,-1,-1,-1,1,-1,-1,1,-1,1,1,-1,1,-1,-1,1,1,-1,1,-1,1,1,-1,1,1,-1,1,1,1,1,-1,-1,-1,1,1,1,1,1,-1,1,1,-1,
-1,-1,-1,1,-1,1,-1,-1,-1,-1,1,-1,-1,-1,-1,-1,-1,-1,-1,1,-1,1,-1,1,-1,-1,1,1,-1,-1,-1,1,-1,1,-1,-1,-1,1,-1,-1,1,1,-1,1,-1,1,-1,-1,-1,1,-1,1,1,-1,-1,1,1,1,1,-1,-1,-1,-1,-1,
1,-1,-1,1,-1,1,-1,-1,1,-1,-1,-1,-1,-1,1,-1,-1,1,1,-1,-1,-1,1,1,1,-1,1,1,-1,1,-1,1,-1,1,1,-1,1,1,1,1,-1,1,1,1,1,-1,1,1,1,1,1,-1,-1,1,-1,-1,1,1,-1,-1,1,-1,1,1,
1,1,1,-1,1,-1,1,1,-1,-1,1,-1,-1,1,1,-1,1,-1,-1,-1,1,-1,1,-1,1,-1,-1,-1,1,-1,1,-1,1,-1,-1,1,-1,1,-1,-1,-1,1,-1,1,-1,1,-1,-1,1,1,-1,1,-1,1,1,-1,-1,1,-1,-1,1,1,1,1,
1,1,1,-1,-1,1,-1,-1,-1,1,1,1,-1,1,1,1,-1,1,-1,-1,-1,1,1,1,-1,1,1,-1,1,-1,-1,1,-1,1,-1,1,-1,1,-1,-1,1,1,-1,-1,1,-1,-1,1,-1,-1,-1,1,1,-1,1,1,1,-1,-1,-1,-1,1,-1,-1,
1,1,1,-1,1,-1,-1,-1,-1,1,1,1,-1,1,1,-1,1,-1,-1,1,-1,-1,-1,-1,-1,1,1,-1,1,-1,1,1,-1,-1,-1,1,-1,1,-1,1,1,-1,-1,1,1,1,-1,-1,-1,1,-1,-1,1,-1,-1,-1,-1,-1,-1,1,-1,-1,1,1,
1,-1,-1,1,1,-1,-1,-1,-1,-1,-1,-1,1,-1,1,1,-1,-1,1,-1,1,-1,-1,-1,1,1,-1,1,-1,-1,1,-1,1,-1,1,-1,-1,-1,1,1,-1,-1,-1,-1,1,-1,1,1,-1,1,-1,-1,1,1,-1,-1,-1,1,1,1,-1,-1,-1,-1,
-1,1,1,-1,1,1,-1,1,-1,-1,1,1,-1,1,1,1,1,1,1,1,-1,1,1,-1,1,-1,-1,1,1,1,-1,-1,1,-1,-1,1,-1,1,-1,-1,-1,1,-1,-1,1,1,-1,1,1,-1,-1,1,1,-1,1,-1,-1,-1,-1,1,-1,-1,1,1,
-1,-1,-1,1,-1,-1,-1,-1,-1,-1,-1,1,1,-1,-1,-1,-1,1,-1,-1,1,-1,1,1,-1,1,-1,1,-1,1,-1,-1,-1,1,-1,-1,-1,1,1,-1,1,-1,1,1,-1,1,1,-1,1,1,1,1,1,-1,1,1,1,1,1,1,-1,1,-1,-1,
-1,1,-1,-1,-1,1,-1,-1,1,-1,1,1,-1,-1,1,-1,1,1,-1,1,-1,1,1,-1,1,-1,-1,1,-1,1,1,-1,-1,-1,1,-1,1,1,-1,-1,1,1,1,1,1,-1,1,-1,1,1,-1,-1,1,-1,-1,-1,1,-1,1,-1,1,1,-1,-1,
-1,1,1,-1,1,1,1,-1,-1,1,1,1,-1,1,1,1,-1,1,1,-1,-1,-1,1,-1,-1,-1,1,-1,-1,-1,-1,1,1,1,-1,1,1,-1,-1,-1,-1,-1,-1,-1,1,-1,-1,1,-1,1,-1,1,-1,1,1,1,-1,-1,-1,-1,-1,1,1,1,
1,1,1,-1,1,1,-1,1,-1,1,-1,1,1,1,-1,-1,1,1,1,-1,-1,-1,1,-1,1,1,1,-1,1,-1,1,1,1,1,-1,-1,1,1,-1,-1,-1,1,-1,-1,1,-1,-1,1,-1,-1,-1,-1,-1,-1,1,-1,-1,-1,1,1,-1,1,1,1,
1,1,-1,1,-1,-1,1,1,-1,1,1,-1,-1,1,1,-1,-1,-1,-1,1,-1,-1,1,1,-1,-1,1,-1,-1,1,-1,1,1,1,-1,-1,1,1,-1,1,-1,1,-1,-1,1,-1,-1,1,1,1,1,1,1,1,-1,1,-1,1,1,-1,-1,-1,-1,-1,
-1,-1,1,1,1,1,1,-1,1,1,-1,-1,1,-1,1,-1,-1,1,1,1,1,-1,-1,1,1,-1,-1,1,1,1,-1,-1,-1,-1,1,1,-1,-1,1,-1,-1,1,1,1,-1,-1,1,1,-1,1,-1,1,-1,-1,-1,1,-1,1,1,-1,1,-1,-1,-1,
-1,-1,-1,1,1,-1,-1,-1,1,1,1,-1,1,1,-1,-1,-1,-1,1,-1,-1,1,1,-1,-1,-1,-1,-1,-1,1,-1,-1,-1,-1,1,-1,-1,-1,-1,-1,1,-1,1,1,-1,1,1,-1,1,1,1,1,1,-1,-1,1,1,1,-1,1,-1,-1,-1,1,
-1,1,-1,-1,1,-1,-1,1,-1,1,-1,1,-1,-1,1,1,1,-1,1,1,-1,-1,1,-1,1,1,1,-1,1,-1,1,1,1,-1,-1,1,-1,1,1,1,1,1,-1,1,1,1,-1,-1,-1,-1,1,-1,-1,1,-1,-1,1,-1,-1,-1,-1,1,1,-1,
1,1,-1,-1,-1,-1,-1,1,-1,1,1,-1,-1,-1,1,-1,1,1,1,1,1,-1,-1,1,1,-1,-1,-1,1,-1,-1,1,1,1,-1,-1,-1,1,1,1,-1,1,-1,-1,1,1,1,1,1,-1,-1,1,-1,1,-1,-1,-1,-1,-1,-1,-1,1,-1,1,
1,1,1,-1,1,-1,1,-1,-1,1,1,1,-1,-1,1,1,-1,-1,1,1,-1,-1,1,-1,1,1,1,1,-1,1,-1,1,-1,1,-1,-1,1,1,1,1,-1,-1,-1,-1,1,1,1,-1,-1,-1,1,1,-1,1,1,1,-1,1,-1,1,-1,-1,-1,-1,
1,-1,1,1,-1,1,-1,-1,1,-1,1,-1,-1,-1,-1,-1,1,1,-1,-1,1,1,-1,1,1,-1,-1,1,1,1,-1,-1,-1,-1,1,-1,-1,-1,1,1,1,-1,1,1,-1,1,1,-1,1,1,1,-1,1,-1,1,-1,1,1,-1,1,1,1,-1,-1,
-1,-1,1,-1,1,-1,1,1,-1,1,1,1,1,1,1,1,-1,-1,-1,1,1,-1,-1,-1,-1,-1,-1,-1,1,1,-1,-1,1,-1,1,1,1,1,-1,1,1,-1,1,-1,1,1,-1,1,-1,1,1,1,-1,-1,1,-1,-1,1,-1,-1,1,-1,1,1,
-1,1,1,-1,1,1,-1,1,1,1,-1,1,1,1,1,-1,-1,1,1,1,-1,-1,1,1,1,-1,1,1,-1,1,-1,-1,1,-1,1,-1,1,-1,-1,1,1,1,-1,1,-1,1,-1,-1,1,-1,1,1,1,1,1,-1,-1,1,-1,-1,-1,1,1,-1,
-1,-1,1,1,-1,1,1,-1,1,-1,-1,1,1,-1,1,1,-1,-1,-1,1,1,-1,1,1,1,-1,-1,1,-1,1,-1,1,-1,-1,-1,-1,-1,1,1,-1,-1,-1,-1,1,-1,1,-1,-1,1,-1,-1,1,-1,-1,-1,1,1,1,-1,-1,-1,-1,-1,1,
1,-1,-1,-1,-1,1,1,1,1,-1,-1,-1,1,-1,-1,-1,1,-1,-1,-1,-1,1,-1,1,-1,-1,-1,1,-1,-1,1,-1,-1,-1,1,1,1,-1,1,1,1,-1,1,1,1,-1,1,1,-1,-1,1,-1,-1,1,-1,1,1,-1,1,-1,-1,1,-1,1,
1,1,1,-1,1,-1,1,-1,-1,-1,-1,1,-1,-1,1,1,-1,-1,-1,1,-1,-1,1,-1,1,1,1,-1,-1,-1,-1,1,1,-1,-1,1,1,-1,1,1,1,1,1,-1,1,1,1,-1,1,-1,-1,1,-1,1,-1,1,-1,-1,-1,1,-1,1,1,-1,
-1,1,1,-1,-1,-1,-1,-1,-1,1,-1,1,-1,1,1,1,-1,-1,-1,1,1,-1,-1,-1,1,-1,-1,-1,1,-1,1,1,1,-1,-1,-1,-1,-1,-1,-1,-1,1,-1,-1,1,1,-1,1,1,-1,-1,-1,1,1,-1,-1,-1,-1,-1,1,-1,1,1,1,
1,1,-1,1,-1,-1,-1,-1,1,-1,-1,1,1,1,1,-1,-1,-1,1,-1,1,-1,-1,1,-1,-1,-1,1,-1,1,1,-1,-1,-1,1,-1,1,-1,1,-1,1,-1,1,-1,-1,1,1,1,1,-1,1,-1,-1,1,1,1,1,1,1,-1,-1,-1,-1,-1,
-1,1,-1,-1,-1,-1,1,-1,1,1,-1,-1,-1,-1,1,-1,-1,-1,1,-1,-1,1,1,1,1,1,1,1,-1,-1,-1,-1,-1,-1,-1,-1,-1,-1,-1,-1,1,-1,-1,1,1,-1,1,1,1,1,1,1,-1,-1,-1,-1,-1,1,1,-1,1,-1,1,-1,
1,-1,-1,1,1,1,-1,-1,-1,-1,1,-1,1,-1,1,-1,-1,1,1,-1,1,1,-1,1,1,1,1,1,-1,1,-1,-1,-1,-1,-1,-1,1,-1,1,-1,-1,-1,1,-1,1,-1,1,1,-1,1,-1,1,1,-1,-1,1,-1,1,1,1,1,-1,-1,-1,
-1,1,-1,1,-1,1,-1,-1,1,-1,-1,1,-1,-1,-1,-1,-1,-1,1,-1,1,1,-1,1,1,1,-1,-1,-1,1,-1,-1,-1,1,-1,-1,-1,-1,1,-1,1,1,1,1,-1,-1,1,-1,-1,1,-1,-1,-1,1,-1,1,1,1,1,1,-1,1,-1,-1,
1,-1,-1,1,-1,1,-1,1,-1,-1,-1,-1,1,-1,1,-1,-1,-1,1,-1,1,-1,-1,-1,1,-1,-1,1,1,-1,-1,-1,-1,-1,1,-1,1,-1,1,-1,1,-1,-1,-1,1,-1,1,-1,1,1,1,-1,1,-1,-1,1,1,1,-1,-1,-1,-1,-1,1,
1,1,1,-1,1,-1,1,-1,1,1,1,1,-1,1,1,1,1,-1,1,1,-1,-1,1,-1,-1,-1,1,1,1,1,-1,1,1,1,1,-1,1,1,-1,1,-1,1,-1,-1,1,-1,1,-1,1,-1,-1,1,-1,1,1,-1,-1,-1,-1,1,-1,1,1,1,
1,-1,1,-1,1,-1,-1,1,-1,1,1,-1,1,1,1,1,1,-1,1,1,-1,-1,1,-1,-1,-1,-1,-1,1,-1,1,1,-1,-1,1,-1,1,1,-1,-1,1,1,-1,-1,1,1,1,-1,1,-1,-1,-1,-1,1,1,-1,1,1,-1,1,1,1,1,1,
1,1,-1,1,1,1,-1,1,1,-1,1,-1,1,-1,-1,1,-1,-1,-1,-1,-1,1,-1,1,-1,-1,-1,1,-1,1,1,-1,-1,-1,-1,-1,1,1,1,-1,1,-1,-1,1,1,-1,1,-1,-1,-1,-1,1,1,-1,1,1,1,-1,1,1,1,1,-1,-1,
1,1,-1,1,1,1,-1,1,1,-1,1,-1,-1,-1,-1,-1,1,-1,-1,-1,1,1,-1,1,1,1,-1,1,-1,1,-1,-1,1,-1,1,-1,1,1,-1,-1,-1,-1,1,-1,-1,-1,-1,1,1,1,1,1,-1,-1,-1,1,1,1,1,1,1,1,-1,-1,
1,-1,-1,1,-1,1,-1,-1,-1,-1,-1,-1,-1,-1,-1,-1,-1,-1,-1,-1,1,1,-1,1,-1,-1,-1,-1,-1,-1,1,-1,-1,-1,1,1,-1,1,-1,-1,-1,-1,1,1,1,-1,1,-1,-1,-1,1,-1,-1,-1,1,-1,-1,1,1,1,-1,-1,-1,1,
1,1,1,1,-1,1,1,1,1,-1,-1,1,1,-1,-1,-1,1,-1,1,1,1,1,-1,1,-1,1,1,-1,-1,-1,-1,1,-1,-1,-1,-1,-1,-1,-1,-1,-1,-1,1,1,-1,-1,1,1,1,1,1,1,-1,1,-1,-1,-1,-1,1,-1,1,-1,-1,-1,
1,-1,-1,1,1,1,-1,-1,-1,1,-1,-1,-1,1,-1,1,-1,-1,-1,-1,1,1,-1,1,-1,1,1,-1,1,1,1,1,-1,-1,-1,-1,-1,-1,-1,1,1,1,-1,-1,-1,1,-1,-1,-1,-1,-1,-1,1,-1,-1,1,1,1,1,-1,-1,-1,-1,-1,
-1,-1,-1,1,-1,1,-1,-1,1,1,1,-1,-1,1,-1,-1,1,1,-1,-1,1,1,-1,-1,1,1,1,-1,-1,-1,1,1,-1,-1,-1,-1,-1,1,1,1,-1,-1,1,-1,-1,1,-1,-1,-1,1,1,-1,-1,-1,-1,-1,1,1,1,-1,-1,-1,1,-1,
1,1,-1,1,-1,-1,-1,1,-1,-1,1,-1,1,-1,-1,1,-1,1,1,1,-1,-1,1,1,-1,1,-1,1,-1,1,-1,-1,1,1,1,1,-1,1,1,-1,1,1,-1,1,-1,-1,1,-1,-1,-1,-1,-1,1,1,-1,-1,1,-1,-1,-1,1,-1,1,-1,
1,-1,-1,1,1,-1,-1,-1,1,-1,-1,-1,1,-1,-1,1,-1,-1,1,-1,1,-1,-1,1,-1,-1,-1,1,-1,1,-1,1,-1,1,-1,-1,-1,1,1,1,1,-1,-1,1,1,-1,-1,-1,1,1,1,1,1,-1,1,1,1,-1,-1,-1,1,-1,1,-1,
1,1,-1,-1,-1,-1,1,-1,1,1,1,1,1,1,1,1,1,-1,1,-1,1,-1,-1,1,-1,1,-1,1,1,-1,1,1,1,1,-1,1,-1,1,-1,1,-1,1,-1,1,1,-1,-1,1,-1,-1,1,1,1,1,1,-1,-1,-1,-1,1,1,1,1,1,
-1,1,-1,-1,-1,1,-1,-1,1,1,-1,-1,-1,-1,1,1,1,1,1,-1,-1,1,-1,1,1,-1,-1,-1,-1,1,-1,1,-1,-1,1,1,1,-1,-1,-1,1,-1,1,1,-1,-1,1,-1,1,1,1,-1,1,-1,1,1,1,-1,-1,-1,1,1,-1,-1,
1,1,1,-1,1,-1,1,-1,-1,-1,1,1,-1,-1,-1,1,1,-1,-1,1,1,1,-1,1,1,1,-1,1,1,-1,1,1,-1,-1,1,1,1,-1,1,1,-1,1,-1,-1,1,1,-1,1,-1,-1,-1,-1,-1,1,-1,-1,1,1,-1,-1,-1,1,1,1,
1,-1,1,1,-1,1,-1,-1,1,-1,-1,1,-1,-1,1,-1,-1,-1,1,1,1,-1,1,1,-1,1,-1,-1,1,1,1,1,-1,1,-1,-1,-1,1,1,-1,1,-1,-1,1,-1,1,1,1,1,1,-1,-1,1,-1,-1,1,1,1,1,-1,1,1,1,-1,
-1,1,1,1,-1,1,-1,1,-1,1,1,-1,1,1,1,-1,1,1,1,-1,1,1,1,-1,1,-1,1,1,1,-1,1,1,1,1,-1,1,1,1,-1,1,-1,1,-1,-1,1,1,1,1,1,-1,1,1,1,-1,1,1,1,-1,-1,1,1,-1,1,1,
-1,1,-1,-1,1,-1,1,1,-1,-1,1,-1,-1,1,1,1,1,-1,1,1,-1,-1,1,-1,1,-1,-1,-1,-1,-1,1,-1,1,-1,-1,-1,1,1,-1,1,-1,1,1,-1,-1,1,-1,1,1,-1,-1,-1,1,-1,1,-1,-1,-1,-1,1,-1,-1,1,1,
-1,-1,-1,-1,-1,-1,-1,-1,1,-1,-1,-1,-1,-1,-1,1,1,1,1,1,-1,1,1,-1,-1,-1,-1,-1,-1,1,1,-1,1,-1,-1,-1,1,-1,-1,1,1,-1,1,1,-1,1,1,-1,-1,-1,1,1,-1,-1,-1,-1,1,1,1,-1,1,1,1,-1,
-1,1,1,1,1,1,1,-1,-1,-1,1,1,1,1,1,1,1,1,1,-1,-1,-1,1,-1,-1,-1,1,1,1,-1,-1,-1,1,1,-1,1,-1,-1,-1,1,1,-1,1,-1,1,1,-1,-1,-1,1,-1,1,1,-1,-1,1,-1,1,-1,1,1,1,1,1,
-1,1,-1,1,1,-1,1,1,1,1,1,-1,-1,-1,-1,1,1,-1,1,-1,-1,1,1,-1,1,1,1,1,-1,1,-1,-1,1,-1,1,-1,1,1,1,-1,1,-1,1,-1,-1,-1,1,-1,-1,1,1,-1,1,-1,-1,-1,1,1,-1,1,1,1,1,-1,
1,-1,-1,1,1,1,-1,-1,1,-1,1,-1,-1,-1,-1,-1,1,1,-1,1,-1,1,-1,1,1,1,-1,1,1,1,-1,-1,-1,1,1,-1,1,-1,1,-1,1,-1,1,-1,-1,-1,-1,-1,1,1,1,-1,1,1,-1,-1,1,1,1,1,-1,-1,-1,1,
1,-1,-1,1,1,1,-1,-1,1,-1,-1,-1,1,-1,-1,-1,-1,1,1,-1,-1,-1,-1,1,-1,-1,-1,1,-1,-1,1,1,-1,-1,1,-1,-1,-1,1,1,-1,1,1,1,-1,-1,1,-1,-1,1,1,-1,1,1,-1,1,1,1,1,1,-1,1,-1,-1,
-1,1,-1,1,1,1,-1,1,1,-1,-1,-1,-1,-1,-1,-1,-1,1,-1,-1,1,1,1,1,1,-1,1,-1,-1,-1,-1,1,-1,-1,1,1,1,-1,-1,-1,1,-1,1,1,-1,1,1,-1,-1,-1,1,-1,1,-1,-1,-1,1,1,-1,-1,-1,-1,-1,-1,

1,1,-1,1,-1,1,1,-1,1,-1,-1,-1,1,-1,-1,-1,1,1,1,-1,1,1,-1,-1,-1,1,1,1,1,1,1,-1,-1,-1,1,-1,1,-1,1,-1,-1,-1,1,1,-1,-1,1,-1,1,1,1,-1,-1,1,-1,1,1,1,1,1,-1,-1,-1,-1,
-1,1,1,-1,1,-1,1,-1,-1,1,-1,1,-1,1,1,-1,1,-1,1,-1,1,-1,1,-1,1,1,1,-1,1,-1,1,1,1,-1,1,1,1,1,1,1,-1,1,1,1,1,1,-1,1,1,-1,1,-1,-1,1,1,-1,-1,1,1,1,-1,-1,-1,1,
1,-1,-1,1,1,1,-1,-1,-1,-1,-1,1,-1,1,-1,1,-1,1,1,-1,1,1,-1,-1,1,-1,-1,-1,-1,1,1,-1,-1,1,1,-1,1,1,-1,-1,-1,-1,-1,1,-1,-1,-1,-1,-1,-1,-1,1,-1,-1,1,-1,-1,1,1,1,1,-1,1,-1,
-1,1,1,-1,1,-1,1,1,-1,1,1,1,-1,1,1,1,1,-1,-1,1,-1,1,-1,-1,-1,1,1,1,1,1,1,1,1,1,1,1,1,1,-1,-1,-1,1,-1,-1,1,1,-1,-1,1,-1,1,1,-1,1,1,-1,-1,-1,-1,1,-1,1,1,1,
1,1,-1,-1,1,1,-1,-1,1,-1,-1,1,-1,-1,-1,-1,-1,1,1,-1,1,1,-1,1,-1,1,1,-1,1,-1,-1,-1,1,-1,1,-1,-1,-1,1,-1,1,-1,1,1,-1,-1,1,-1,1,1,-1,-1,1,-1,-1,1,1,1,1,1,-1,1,-1,-1,
1,-1,-1,1,-1,-1,-1,1,1,-1,1,-1,1,-1,-1,-1,-1,-1,1,-1,1,1,1,1,1,-1,-1,1,-1,1,-1,-1,1,-1,-1,-1,1,-1,-1,1,-1,-1,1,1,-1,-1,1,-1,1,1,-1,1,1,-1,-1,-1,-1,1,-1,-1,-1,-1,1,1,
1,-1,1,1,-1,1,-1,-1,1,1,1,-1,1,1,1,-1,-1,1,-1,-1,-1,1,-1,1,1,1,1,1,1,-1,1,-1,-1,1,1,-1,1,-1,1,-1,-1,-1,-1,1,-1,1,-1,1,-1,-1,1,1,1,1,-1,1,-1,1,-1,1,1,1,1,-1,
-1,-1,-1,1,1,1,-1,-1,1,1,-1,-1,-1,-1,-1,-1,-1,1,-1,-1,1,1,1,1,1,1,-1,1,-1,-1,1,1,-1,1,1,1,-1,-1,1,1,1,1,1,1,1,-1,-1,-1,1,1,-1,-1,1,1,-1,-1,1,1,1,-1,1,-1,-1,-1,
1,1,1,1,-1,-1,-1,-1,-1,1,-1,-1,1,1,1,1,1,-1,-1,1,-1,-1,-1,-1,-1,1,-1,1,1,-1,1,1,1,1,-1,1,1,1,1,1,1,1,-1,-1,-1,1,-1,1,1,-1,1,-1,-1,1,1,-1,1,-1,-1,1,1,1,1,1,
-1,-1,1,-1,-1,-1,1,1,-1,-1,1,-1,1,1,-1,1,1,-1,1,1,-1,1,-1,1,1,1,-1,-1,-1,1,1,1,1,1,-1,1,-1,1,-1,-1,-1,1,1,1,1,1,-1,1,1,1,-1,-1,-1,1,1,-1,1,1,1,-1,1,-1,1,-1,
1,1,1,-1,-1,-1,-1,1,-1,-1,1,1,-1,-1,1,1,1,-1,1,-1,-1,-1,1,1,1,1,1,-1,-1,-1,1,1,1,1,-1,1,1,1,1,1,-1,-1,-1,-1,1,1,1,1,1,-1,-1,1,-1,1,1,1,1,1,1,-1,-1,1,1,-1,
-1,-1,-1,1,1,1,1,1,-1,1,1,-1,-1,1,1,1,1,1,-1,1,-1,1,-1,1,1,-1,1,-1,1,-1,-1,1,-1,1,-1,1,-1,1,-1,-1,-1,1,-1,-1,1,1,-1,-1,-1,-1,-1,1,1,-1,-1,-1,-1,-1,1,1,1,1,1,1,
-1,-1,-1,1,-1,-1,-1,-1,1,1,-1,-1,-1,-1,-1,1,-1,-1,-1,1,-1,1,-1,1,-1,1,-1,-1,-1,1,1,1,-1,1,1,1,-1,-1,1,1,1,-1,1,-1,1,-1,1,-1,1,1,-1,1,-1,1,1,1,1,1,1,1,-1,1,-1,-1,
1,1,-1,-1,-1,1,-1,1,1,-1,-1,-1,-1,-1,-1,1,-1,1,-1,-1,-1,-1,1,-1,-1,-1,-1,1,-1,-1,-1,-1,-1,1,1,-1,1,-1,1,-1,-1,-1,1,-1,1,-1,1,-1,1,1,-1,1,1,1,-1,1,-1,-1,-1,-1,-1,-1,1,1,
1,-1,-1,1,-1,1,1,1,1,-1,-1,-1,1,1,-1,-1,-1,1,-1,-1,1,1,1,1,-1,1,1,1,-1,1,-1,-1,-1,1,1,1,1,1,1,-1,1,-1,1,1,-1,-1,1,1,1,-1,1,-1,1,-1,-1,1,-1,1,1,-1,1,1,-1,1,
1,1,1,1,1,-1,1,1,-1,-1,1,1,1,1,1,1,-1,-1,1,-1,-1,-1,1,-1,1,-1,1,-1,1,1,-1,1,-1,1,-1,-1,1,-1,-1,-1,1,1,-1,1,1,-1,-1,1,1,-1,-1,1,-1,-1,1,-1,1,-1,-1,-1,1,-1,-1,1,
1,1,1,-1,1,-1,-1,1,-1,1,1,1,-1,1,1,-1,-1,1,-1,1,-1,-1,-1,-1,-1,-1,-1,-1,1,-1,1,1,1,-1,-1,1,1,1,1,-1,1,1,-1,-1,1,1,-1,1,-1,1,1,-1,1,1,1,-1,-1,-1,-1,-1,-1,1,1,1,
1,1,1,-1,1,1,-1,1,1,1,1,-1,1,1,1,1,1,-1,-1,1,-1,-1,-1,-1,1,1,1,-1,1,-1,1,1,1,-1,-1,1,-1,-1,1,1,-1,1,-1,1,1,1,-1,-1,-1,1,1,1,1,-1,-1,-1,1,-1,1,1,-1,1,1,1,
1,-1,-1,1,-1,-1,1,-1,1,-1,-1,1,-1,1,1,1,-1,1,-1,-1,-1,-1,-1,1,-1,1,-1,1,-1,1,1,-1,1,-1,1,1,1,-1,-1,1,1,-1,1,1,1,1,1,1,-1,-1,1,-1,1,-1,-1,1,-1,1,-1,-1,1,1,1,-1,
-1,1,-1,-1,1,-1,-1,1,-1,-1,-1,1,-1,1,-1,-1,-1,1,-1,1,-1,-1,-1,-1,1,1,1,1,1,-1,-1,1,1,1,-1,1,1,1,-1,-1,1,1,-1,-1,-1,1,-1,-1,-1,-1,1,1,-1,1,1,-1,-1,-1,-1,1,-1,1,1,-1,
-1,-1,1,1,1,1,-1,-1,-1,-1,-1,-1,1,-1,1,1,1,-1,-1,-1,1,1,1,1,-1,-1,-1,1,-1,1,-1,1,1,1,1,-1,-1,1,-1,-1,1,1,1,1,-1,-1,1,-1,-1,1,1,1,1,1,1,1,-1,1,1,-1,1,1,1,1,
1,1,-1,1,-1,1,1,1,1,-1,1,-1,-1,-1,1,1,-1,-1,-1,1,1,1,-1,1,1,1,-1,1,-1,1,-1,-1,-1,-1,1,-1,-1,-1,-1,-1,1,-1,1,1,-1,-1,1,-1,1,1,1,-1,1,-1,-1,-1,1,-1,1,-1,1,-1,-1,1,
1,1,1,-1,-1,-1,1,-1,-1,1,1,-1,-1,1,1,1,1,1,1,1,-1,1,-1,-1,1,1,1,1,1,1,1,1,1,1,1,1,-1,1,-1,-1,-1,-1,1,-1,-1,-1,-1,1,-1,-1,1,-1,-1,1,1,-1,-1,-1,-1,1,1,1,1,1,
-1,1,-1,-1,-1,-1,-1,-1,-1,-1,-1,1,-1,1,1,-1,1,-1,1,1,1,-1,1,1,-1,1,-1,-1,1,-1,1,-1,1,1,-1,1,-1,-1,-1,1,-1,1,-1,1,1,-1,-1,1,1,1,-1,1,1,1,-1,-1,-1,-1,-1,1,-1,-1,1,1,
1,1,-1,1,-1,-1,1,1,1,1,-1,1,1,-1,1,1,1,-1,-1,1,1,-1,1,1,1,1,1,-1,-1,-1,-1,-1,1,1,1,1,1,1,1,1,1,-1,-1,-1,1,1,-1,1,1,-1,-1,1,-1,1,1,-1,-1,1,1,1,1,1,-1,-1,
1,-1,-1,1,-1,1,1,-1,-1,1,-1,-1,1,1,-1,-1,-1,-1,-1,-1,1,1,1,1,-1,1,-1,-1,-1,-1,1,-1,-1,-1,1,-1,1,-1,1,-1,-1,-1,-1,-1,-1,-1,-1,-1,-1,1,1,1,-1,-1,-1,1,-1,1,-1,-1,1,1,1,-1,
1,1,-1,1,-1,-1,-1,1,-1,-1,1,1,1,-1,-1,-1,-1,-1,1,1,1,1,-1,1,-1,-1,1,1,-1,-1,1,-1,-1,-1,1,-1,-1,1,-1,1,1,-1,1,1,-1,-1,1,1,-1,-1,1,-1,-1,1,-1,1,-1,1,1,-1,1,-1,-1,1,
-1,1,1,-1,-1,-1,-1,1,-1,1,1,-1,-1,1,1,1,1,-1,1,-1,-1,-1,-1,-1,-1,1,1,-1,1,-1,1,1,1,1,-1,1,1,1,-1,1,-1,1,-1,-1,1,1,-1,1,-1,-1,1,-1,1,1,1,-1,-1,-1,-1,-1,-1,-1,1,-1,
1,1,-1,-1,-1,-1,-1,-1,-1,1,-1,1,1,1,1,-1,-1,1,1,-1,-1,-1,1,1,-1,-1,1,-1,1,-1,1,1,1,-1,1,1,-1,-1,-1,1,1,1,-1,-1,-1,-1,1,1,1,-1,-1,1,-1,-1,-1,-1,-1,-1,-1,1,-1,1,1,1,
1,-1,-1,-1,-1,1,-1,1,1,-1,1,-1,1,-1,-1,-1,1,-1,1,1,1,-1,-1,-1,1,1,-1,-1,-1,1,1,1,1,1,-1,1,-1,1,-1,1,1,-1,-1,1,-1,-1,-1,-1,-1,-1,1,-1,-1,-1,1,-1,-1,-1,1,1,1,-1,1,-1,
1,-1,-1,1,-1,1,1,-1,1,-1,-1,-1,1,-1,1,1,-1,1,1,-1,-1,1,-1,-1,1,1,-1,1,-1,1,-1,-1,-1,-1,1,-1,1,-1,1,-1,-1,1,1,1,-1,-1,1,-1,1,1,-1,-1,1,1,1,1,1,1,1,1,-1,-1,1,1,
-1,1,1,-1,-1,-1,1,-1,1,1,-1,-1,1,1,1,1,1,-1,1,1,-1,-1,1,-1,-1,-1,-1,-1,1,-1,1,1,1,1,-1,1,1,1,-1,1,-1,1,-1,-1,1,1,-1,1,1,-1,1,-1,-1,1,-1,-1,-1,-1,-1,1,1,-1,1,-1,
-1,-1,1,-1,-1,-1,-1,-1,1,-1,1,1,1,-1,1,1,1,1,-1,1,1,1,1,-1,-1,1,1,1,1,1,1,1,1,1,-1,-1,1,-1,1,-1,-1,1,1,-1,-1,-1,-1,1,1,1,-1,1,1,1,1,1,-1,1,1,-1,-1,-1,-1,1,
1,-1,-1,1,-1,1,1,1,1,1,-1,1,1,-1,-1,1,-1,1,1,1,1,-1,-1,1,-1,1,-1,-1,-1,1,-1,-1,-1,-1,1,-1,-1,-1,1,-1,1,1,-1,-1,-1,-1,1,-1,1,1,-1,1,1,-1,-1,-1,1,1,1,-1,-1,1,-1,-1,
1,1,-1,1,-1,1,-1,1,-1,-1,1,-1,1,1,-1,-1,-1,1,-1,-1,-1,-1,-1,1,-1,-1,1,1,-1,1,-1,-1,-1,-1,1,1,-1,-1,1,-1,1,-1,1,1,1,-1,1,-1,-1,1,-1,1,1,1,-1,1,1,1,-1,1,-1,1,-1,-1,
-1,-1,-1,-1,1,-1,-1,-1,1,1,1,-1,-1,1,-1,-1,-1,1,-1,1,-1,-1,1,1,1,1,-1,-1,1,-1,-1,1,-1,1,1,1,-1,-1,1,1,-1,-1,-1,-1,1,-1,1,1,-1,-1,1,1,-1,-1,-1,1,-1,1,1,1,1,1,1,1,
-1,-1,1,-1,1,-1,-1,-1,-1,1,1,-1,-1,-1,1,-1,1,1,-1,1,-1,-1,1,-1,1,-1,1,-1,-1,-1,1,1,-1,1,-1,1,-1,1,-1,-1,1,1,-1,1,1,1,-1,1,-1,-1,-1,1,-1,-1,1,-1,1,-1,1,1,-1,1,1,1,
1,-1,-1,1,-1,1,-1,1,1,1,1,-1,-1,-1,1,-1,-1,-1,-1,-1,1,-1,-1,-1,-1,-1,-1,1,-1,1,1,-1,-1,-1,1,-1,-1,-1,-1,-1,1,-1,1,1,-1,-1,1,1,-1,1,1,1,1,-1,-1,1,1,-1,1,1,1,-1,-1,1,
1,1,1,1,-1,-1,-1,1,1,1,-1,-1,-1,-1,1,-1,-1,1,-1,-1,-1,-1,-1,1,1,-1,1,1,-1,-1,1,1,1,-1,-1,-1,1,-1,1,-1,1,1,-1,-1,-1,-1,1,-1,-1,-1,-1,1,-1,-1,-1,-1,-1,1,-1,1,-1,-1,-1,-1,
-1,1,-1,1,1,-1,-1,1,1,-1,-1,-1,1,-1,-1,1,-1,1,-1,-1,1,1,-1,1,-1,1,1,1,-1,1,-1,-1,-1,-1,1,-1,-1,-1,-1,-1,1,-1,-1,-1,-1,-1,1,1,1,1,-1,-1,-1,-1,-1,1,1,-1,1,-1,1,1,-1,1,
1,1,-1,1,-1,1,-1,1,1,-1,-1,-1,1,-1,-1,1,-1,-1,1,-1,-1,-1,1,1,1,-1,-1,-1,-1,1,1,-1,-1,-1,-1,-1,1,1,1,-1,1,-1,1,1,-1,-1,1,-1,-1,1,1,-1,1,1,-1,1,1,-1,-1,-1,-1,1,-1,-1,
1,1,1,1,-1,1,-1,-1,-1,-1,1,-1,-1,1,-1,-1,-1,-1,1,1,1,-1,-1,1,1,-1,-1,1,-1,1,-1,-1,-1,-1,1,-1,1,-1,-1,-1,-1,-1,-1,1,-1,-1,-1,-1,-1,-1,-1,-1,1,1,-1,1,1,-1,1,1,-1,-1,-1,-1,
1,-1,1,-1,-1,-1,-1,1,-1,1,1,1,-1,1,1,1,-1,-1,1,-1,-1,-1,1,-1,1,-1,-1,-1,1,-1,-1,1,1,1,-1,1,-1,1,-1,1,-1,1,-1,1,1,1,-1,1,-1,1,-1,1,1,-1,1,-1,1,-1,-1,1,-1,-1,1,1,
-1,1,1,1,1,-1,1,1,-1,1,1,1,-1,-1,1,-1,1,1,1,1,-1,1,-1,-1,1,1,-1,-1,1,1,-1,1,1,1,1,-1,1,1,-1,1,1,1,1,-1,1,-1,-1,-1,-1,-1,1,-1,1,1,1,-1,-1,-1,1,1,1,-1,1,-1,
1,-1,-1,1,1,-1,1,-1,1,-1,-1,-1,1,-1,-1,-1,-1,1,1,-1,1,-1,-1,-1,1,-1,-1,-1,-1,1,-1,-1,-1,-1,-1,-1,-1,1,1,-1,-1,1,-1,-1,1,1,-1,-1,1,1,-1,-1,1,-1,-1,1,-1,1,1,-1,-1,1,-1,-1,
1,1,1,-1,-1,-1,-1,-1,-1,-1,-1,-1,1,-1,-1,-1,-1,1,1,1,-1,1,1,1,1,1,1,1,-1,-1,-1,-1,-1,1,-1,-1,-1,-1,-1,-1,1,1,-1,-1,-1,-1,1,-1,1,1,1,-1,1,-1,-1,1,1,1,-1,1,-1,1,1,1,
1,-1,1,1,-1,1,-1,1,-1,-1,-1,-1,1,1,-1,-1,-1,-1,1,-1,1,-1,1,1,-1,-1,1,1,-1,1,1,1,1,-1,-1,-1,1,-1,-1,-1,1,1,-1,-1,-1,-1,-1,1,-1,1,1,-1,1,-1,-1,1,-1,1,-1,-1,-1,-1,1,-1,
-1,-1,-1,-1,-1,1,-1,1,1,-1,1,-1,1,-1,1,1,1,-1,1,-1,1,1,-1,1,-1,-1,-1,1,-1,1,1,1,-1,1,-1,-1,-1,1,-1,-1,1,1,-1,1,-1,-1,1,-1,-1,1,1,1,-1,-1,-1,1,-1,1,1,-1,1,1,-1,-1,
1,1,-1,-1,-1,1,1,1,-1,-1,-1,-1,1,-1,-1,-1,-1,-1,1,1,1,1,-1,1,-1,-1,-1,1,1,1,1,-1,1,-1,-1,-1,-1,1,-1,-1,1,-1,-1,1,-1,-1,1,1,-1,-1,1,-1,-1,1,-1,-1,1,1,1,-1,1,1,-1,1,
-1,-1,-1,1,-1,1,1,1,-1,-1,-1,-1,1,-1,-1,-1,-1,-1,-1,-1,1,1,-1,1,1,1,1,1,-1,1,-1,1,-1,-1,1,1,1,1,-1,1,1,-1,-1,1,1,-1,1,-1,-1,1,1,-1,1,1,-1,1,1,-1,-1,1,-1,1,-1,-1,
-1,-1,1,1,1,1,1,-1,1,-1,-1,-1,1,-1,1,-1,-1,-1,1,1,-1,-1,1,1,-1,-1,-1,1,-1,1,-1,-1,-1,1,1,-1,1,-1,-1,-1,1,-1,-1,1,-1,-1,1,1,-1,1,-1,1,-1,1,1,1,-1,1,1,1,1,-1,1,1,
1,-1,-1,1,-1,-1,-1,-1,1,-1,-1,-1,-1,-1,-1,-1,-1,1,-1,1,1,1,-1,1,-1,1,-1,1,1,1,-1,1,1,-1,1,-1,-1,1,1,1,1,-1,-1,1,1,1,1,-1,1,-1,1,1,1,-1,-1,1,1,1,1,-1,1,-1,1,-1,
-1,1,1,-1,1,-1,1,-1,-1,1,1,1,-1,1,1,1,1,1,1,1,-1,-1,1,-1,-1,-1,-1,-1,1,-1,-1,-1,1,1,1,1,1,-1,-1,1,1,-1,-1,1,1,1,1,1,1,-1,1,1,-1,1,-1,-1,-1,1,-1,1,-1,1,1,1,
-1,-1,-1,1,-1,1,-1,-1,1,-1,-1,1,1,-1,-1,-1,1,1,1,-1,1,1,-1,1,1,-1,-1,1,-1,1,-1,1,-1,1,1,-1,-1,-1,1,-1,1,-1,1,1,1,-1,-1,-1,-1,1,1,1,1,-1,1,1,1,1,1,-1,-1,1,1,-1,
1,1,1,-1,1,1,-1,1,-1,1,1,1,-1,-1,1,1,-1,-1,-1,1,-1,-1,1,-1,1,-1,1,1,1,-1,1,1,-1,1,-1,1,-1,-1,-1,1,1,-1,-1,-1,1,1,-1,-1,-1,-1,-1,1,-1,-1,1,-1,1,1,-1,1,-1,-1,1,1,
-1,1,-1,1,1,-1,-1,-1,1,-1,1,1,1,1,-1,-1,-1,1,-1,-1,1,1,1,1,1,-1,-1,-1,1,-1,-1,1,-1,1,-1,-1,-1,1,-1,1,1,1,1,1,-1,-1,1,-1,-1,1,-1,1,1,1,-1,1,1,1,-1,-1,-1,1,-1,1,
1,1,1,1,1,-1,-1,1,1,1,1,1,1,1,1,1,1,-1,1,1,1,-1,-1,-1,-1,1,1,1,1,-1,1,1,1,1,1,1,1,1,-1,1,-1,1,-1,1,1,1,1,1,1,-1,-1,1,1,1,1,-1,-1,-1,-1,-1,1,-1,1,-1,
-1,1,1,1,1,1,-1,1,1,-1,-1,1,1,1,1,-1,1,-1,1,1,1,-1,1,-1,-1,-1,-1,1,-1,-1,1,1,1,-1,1,1,-1,1,1,-1,-1,1,1,-1,1,1,1,1,1,-1,-1,-1,1,1,1,-1,-1,-1,-1,-1,-1,1,1,1,
-1,-1,-1,1,1,-1,-1,-1,1,1,-1,1,-1,-1,-1,-1,-1,1,-1,1,1,-1,-1,1,1,-1,-1,-1,1,-1,1,-1,-1,-1,1,-1,-1,1,1,1,-1,-1,-1,1,1,-1,-1,-1,-1,-1,-1,-1,-1,1,1,1,-1,1,1,1,-1,-1,-1,-1,
-1,-1,1,-1,-1,-1,1,-1,1,1,-1,1,-1,1,1,1,1,-1,-1,-1,1,1,-1,-1,1,-1,1,1,1,1,-1,-1,1,-1,-1,1,1,-1,1,1,1,1,-1,-1,1,-1,-1,1,1,-1,-1,-1,1,-1,1,1,-1,1,-1,1,-1,-1,1,1,
1,-1,-1,1,-1,1,-1,1,1,-1,1,1,-1,-1,-1,-1,-1,-1,1,-1,-1,1,-1,1,1,-1,-1,1,-1,1,1,1,-1,-1,1,-1,1,-1,-1,-1,1,-1,1,1,-1,-1,-1,1,1,1,1,-1,-1,-1,-1,1,1,1,1,-1,-1,-1,-1,-1,
-1,1,-1,1,-1,1,-1,-1,1,-1,-1,1,-1,-1,-1,1,1,-1,1,1,-1,1,-1,1,1,-1,1,-1,-1,-1,1,-1,-1,-1,1,-1,-1,-1,1,-1,-1,-1,-1,1,1,1,-1,-1,1,1,1,-1,1,1,1,-1,1,1,1,-1,1,-1,-1,1,
-1,-1,-1,-1,1,1,-1,1,1,-1,-1,-1,1,-1,-1,-1,-1,-1,-1,1,1,1,-1,-1,1,-1,-1,-1,-1,1,1,-1,-1,-1,1,-1,-1,-1,1,-1,1,-1,1,1,-1,-1,-1,-1,-1,1,1,-1,1,1,1,-1,1,1,-1,1,-1,1,-1,-1,
-1,-1,-1,-1,-1,1,-1,-1,1,-1,-1,-1,-1,-1,1,-1,-1,1,-1,-1,1,1,1,1,1,1,-1,1,1,1,1,-1,-1,-1,1,-1,1,-1,1,-1,1,-1,1,1,1,-1,1,-1,-1,-1,1,1,1,-1,-1,1,1,1,1,-1,1,1,-1,1,

1,1,1,-1,-1,1,1,1,-1,1,-1,1,1,1,-1,-1,-1,1,-1,1,-1,1,1,1,1,-1,-1,-1,-1,-1,1,-1,-1,-1,1,1,1,-1,1,-1,-1,-1,1,-1,1,1,-1,1,-1,1,1,-1,-1,-1,-1,1,1,1,1,1,-1,-1,1,-1,
-1,-1,-1,-1,-1,-1,1,1,-1,-1,-1,1,-1,1,1,1,1,1,1,1,-1,-1,1,-1,1,1,1,1,-1,1,-1,-1,1,1,-1,-1,1,1,-1,1,-1,-1,1,1,1,1,-1,1,1,1,-1,-1,-1,1,1,-1,-1,-1,-1,1,-1,-1,-1,1,
-1,1,-1,1,1,-1,-1,1,1,-1,-1,-1,1,-1,-1,1,-1,1,1,-1,1,1,1,1,1,-1,1,-1,-1,1,-1,-1,1,-1,1,1,-1,-1,1,-1,1,1,1,-1,-1,1,-1,1,-1,1,-1,1,1,-1,1,-1,1,-1,-1,1,1,1,-1,1,
-1,1,1,-1,1,-1,-1,1,-1,-1,1,1,1,1,-1,1,1,1,1,1,-1,1,1,-1,-1,1,1,1,-1,1,1,1,1,1,-1,1,-1,1,-1,-1,1,1,-1,-1,-1,-1,-1,1,-1,-1,-1,1,-1,-1,1,-1,-1,-1,-1,1,-1,1,1,1,
1,1,-1,-1,1,1,-1,-1,1,-1,-1,-1,1,-1,-1,-1,1,1,-1,-1,1,1,-1,1,-1,-1,-1,1,1,-1,-1,-1,-1,-1,-1,1,1,-1,1,-1,1,-1,1,1,-1,-1,1,-1,-1,-1,-1,-1,1,-1,-1,1,1,-1,1,1,1,1,-1,-1,
1,-1,-1,1,1,-1,-1,1,-1,-1,-1,-1,1,-1,-1,1,1,1,1,1,1,1,-1,1,1,-1,-1,-1,-1,1,-1,1,-1,1,-1,1,1,-1,1,-1,1,-1,1,1,-1,1,1,-1,1,1,1,-1,1,-1,-1,1,1,1,1,-1,1,1,-1,1,
1,1,1,-1,-1,-1,-1,-1,1,1,-1,-1,1,1,-1,1,-1,1,-1,1,1,-1,-1,1,-1,1,-1,1,-1,1,-1,-1,1,-1,1,1,-1,-1,1,-1,1,-1,1,1,-1,-1,1,-1,-1,1,-1,1,1,-1,-1,1,1,-1,-1,1,1,-1,-1,-1,
-1,-1,-1,1,1,1,-1,-1,-1,-1,1,1,-1,1,-1,1,-1,-1,-1,-1,1,1,1,1,-1,-1,-1,1,-1,-1,1,-1,-1,-1,1,-1,-1,-1,1,1,1,-1,1,1,1,-1,-1,-1,-1,1,1,-1,1,-1,1,1,1,1,1,1,-1,1,-1,-1,
1,-1,1,1,-1,1,-1,-1,-1,1,1,-1,-1,-1,1,1,1,-1,-1,-1,-1,-1,-1,-1,-1,1,1,-1,1,-1,-1,-1,-1,1,-1,1,1,1,1,1,1,1,-1,1,1,1,1,1,-1,1,-1,-1,-1,-1,1,-1,-1,1,-1,1,-1,-1,1,-1,
-1,1,1,-1,1,1,-1,1,1,1,1,1,1,1,1,1,-1,-1,1,-1,-1,-1,1,-1,1,1,-1,-1,-1,1,1,1,1,1,1,1,-1,1,-1,-1,1,1,1,1,1,1,-1,1,-1,-1,-1,-1,1,1,-1,-1,-1,1,1,1,1,-1,-1,1,
1,1,-1,-1,1,1,1,-1,-1,1,-1,1,1,1,1,1,1,-1,1,-1,1,-1,1,1,1,1,1,-1,1,-1,-1,1,1,1,1,-1,1,1,-1,1,1,1,-1,1,1,1,1,1,1,-1,-1,1,1,-1,-1,-1,-1,-1,-1,-1,-1,1,1,1,
1,1,-1,-1,-1,-1,1,1,-1,1,1,1,-1,1,1,-1,1,-1,-1,1,-1,1,-1,-1,-1,1,1,1,1,1,1,1,-1,1,-1,1,-1,1,-1,1,-1,1,1,1,1,-1,-1,-1,1,-1,-1,1,-1,-1,1,1,-1,-1,1,1,1,1,1,-1,
-1,1,-1,1,-1,1,-1,1,-1,-1,-1,-1,1,-1,-1,1,-1,1,-1,-1,1,1,-1,1,-1,1,-1,-1,1,1,1,-1,1,-1,-1,-1,1,-1,-1,1,-1,-1,-1,1,1,1,1,1,-1,-1,-1,-1,1,-1,1,1,1,1,1,1,-1,1,-1,-1,
1,-1,-1,1,-1,1,-1,1,1,-1,-1,-1,1,1,1,-1,-1,1,1,-1,1,1,-1,1,-1,-1,1,1,1,-1,-1,-1,1,-1,1,-1,-1,1,-1,-1,-1,-1,1,1,-1,1,1,-1,1,-1,-1,-1,-1,-1,1,1,1,-1,1,1,-1,1,-1,-1,
-1,-1,-1,1,-1,1,1,-1,-1,-1,1,-1,-1,-1,-1,-1,1,-1,-1,-1,-1,-1,1,1,-1,1,1,-1,1,-1,-1,1,-1,-1,-1,-1,-1,1,-1,1,1,-1,1,1,1,-1,-1,1,1,1,-1,1,-1,-1,1,-1,-1,1,1,-1,-1,1,-1,-1,
-1,1,1,-1,-1,1,-1,1,-1,1,-1,-1,1,1,1,-1,-1,-1,1,-1,1,1,1,-1,-1,-1,-1,-1,1,1,-1,-1,-1,1,-1,1,-1,1,-1,1,1,-1,-1,-1,-1,1,-1,-1,-1,-1,-1,1,-1,1,1,1,-1,-1,1,1,1,1,1,1,
-1,-1,-1,-1,-1,-1,-1,1,1,1,1,1,-1,1,1,1,1,1,1,1,-1,-1,1,1,1,-1,1,-1,1,-1,1,-1,1,1,1,-1,-1,1,-1,1,-1,1,1,-1,1,-1,1,1,1,-1,1,-1,-1,1,1,1,-1,-1,-1,1,1,1,1,1,
-1,-1,-1,-1,1,1,-1,1,1,1,1,1,-1,1,1,-1,1,-1,1,1,-1,-1,-1,-1,1,1,1,-1,1,-1,1,-1,1,-1,-1,1,-1,1,1,-1,1,1,1,1,1,1,-1,-1,-1,-1,-1,1,-1,1,1,1,1,-1,-1,1,1,1,1,1,
1,-1,-1,1,-1,1,1,1,-1,-1,1,1,1,-1,-1,-1,-1,1,1,1,-1,-1,-1,1,-1,1,1,-1,1,1,1,-1,1,1,-1,-1,1,1,1,-1,1,-1,-1,1,-1,1,1,-1,1,-1,1,-1,-1,1,-1,1,-1,-1,-1,1,-1,-1,-1,-1,
1,1,-1,-1,-1,1,-1,1,-1,1,-1,-1,-1,1,1,-1,-1,1,-1,-1,-1,-1,1,-1,1,-1,1,-1,1,1,-1,1,1,-1,-1,1,-1,-1,1,-1,-1,-1,-1,-1,1,1,-1,-1,-1,-1,-1,1,1,1,1,1,-1,1,-1,-1,1,-1,1,1,
-1,-1,-1,1,1,1,-1,1,1,-1,1,-1,1,-1,-1,-1,-1,1,-1,-1,-1,1,1,1,1,1,-1,-1,-1,1,1,-1,-1,-1,1,1,1,-1,1,-1,1,-1,1,1,-1,1,-1,-1,-1,1,1,-1,1,1,-1,-1,1,-1,1,1,-1,1,-1,1,
-1,-1,1,1,1,-1,-1,-1,1,-1,-1,-1,1,-1,-1,1,1,-1,-1,-1,-1,-1,1,1,-1,-1,-1,1,1,1,-1,1,-1,1,1,-1,1,-1,1,-1,1,1,1,1,-1,1,1,-1,1,1,1,-1,1,1,-1,1,1,1,1,-1,1,1,-1,-1,
-1,-1,-1,-1,1,-1,1,1,-1,1,-1,-1,-1,-1,1,-1,-1,1,1,-1,1,1,-1,-1,1,1,-1,-1,1,-1,-1,-1,1,1,-1,1,-1,-1,-1,1,-1,-1,-1,1,-1,-1,1,1,-1,1,-1,-1,-1,-1,-1,-1,-1,-1,-1,1,1,1,1,-1,
-1,-1,1,-1,-1,1,1,1,-1,-1,-1,1,1,1,1,-1,1,-1,1,1,-1,-1,1,-1,1,1,1,-1,1,-1,1,1,1,1,1,1,1,1,-1,1,-1,1,-1,-1,-1,-1,1,1,1,-1,-1,-1,-1,-1,1,-1,-1,-1,1,1,1,1,1,-1,
1,1,1,-1,1,-1,1,1,-1,1,-1,-1,-1,-1,-1,-1,1,-1,1,-1,1,-1,-1,-1,1,1,-1,1,-1,-1,1,-1,1,1,-1,-1,1,1,-1,-1,-1,-1,-1,1,-1,1,1,1,-1,-1,-1,1,-1,1,1,-1,-1,-1,-1,1,-1,1,1,1,
-1,-1,-1,1,-1,1,1,-1,-1,-1,-1,-1,1,1,1,1,1,1,-1,1,1,1,-1,1,1,-1,-1,-1,-1,-1,-1,-1,-1,-1,1,-1,1,-1,-1,-1,1,-1,1,-1,-1,1,1,1,1,1,1,1,1,1,-1,1,-1,-1,-1,-1,1,-1,-1,1,
-1,-1,-1,-1,1,-1,-1,-1,1,1,-1,-1,-1,-1,-1,-1,1,1,1,-1,-1,1,1,1,1,-1,1,-1,1,1,-1,-1,-1,-1,1,-1,-1,-1,1,-1,-1,-1,-1,-1,-1,-1,1,-1,1,-1,-1,-1,1,-1,-1,1,1,1,1,1,-1,-1,-1,1,
-1,1,1,-1,1,-1,-1,1,-1,1,1,-1,1,1,1,-1,-1,1,1,1,-1,-1,1,-1,-1,1,-1,-1,1,-1,1,1,1,1,-1,1,-1,1,-1,-1,-1,1,-1,-1,1,-1,-1,1,-1,-1,-1,1,-1,-1,-1,1,-1,-1,-1,1,-1,-1,1,1,
-1,1,-1,-1,-1,-1,1,1,-1,1,1,1,1,1,1,-1,-1,-1,1,1,1,-1,1,1,1,-1,-1,-1,1,-1,1,1,1,1,-1,1,-1,-1,-1,1,-1,1,-1,-1,-1,-1,-1,1,1,-1,-1,1,1,-1,1,-1,-1,-1,-1,-1,-1,1,1,1,
1,1,1,-1,-1,-1,1,1,-1,-1,-1,-1,-1,-1,-1,1,1,1,-1,1,-1,-1,1,-1,1,-1,1,1,-1,1,-1,1,1,1,1,1,1,1,1,1,1,1,1,1,-1,-1,1,-1,1,-1,1,1,-1,1,1,-1,1,1,1,1,1,-1,-1,-1,
-1,-1,-1,-1,1,-1,-1,-1,1,-1,-1,-1,1,-1,-1,1,1,1,1,-1,-1,1,-1,1,1,1,-1,1,-1,1,-1,-1,-1,-1,1,1,1,-1,1,-1,1,-1,1,1,-1,-1,-1,-1,-1,-1,1,1,-1,1,1,-1,1,1,1,-1,-1,1,1,1,
-1,-1,-1,1,-1,-1,1,1,-1,1,1,1,1,1,1,1,1,1,1,1,1,1,1,-1,1,1,1,-1,1,-1,1,1,1,-1,-1,1,1,1,-1,1,1,-1,1,-1,1,1,-1,1,1,1,-1,-1,-1,1,-1,-1,-1,1,-1,1,1,-1,1,1,
1,-1,-1,-1,-1,-1,1,1,1,-1,1,-1,-1,1,-1,1,1,1,1,-1,1,-1,1,-1,1,-1,1,-1,-1,1,1,-1,-1,-1,1,1,-1,1,1,1,1,1,1,1,1,1,1,1,1,1,-1,1,-1,-1,1,-1,-1,-1,-1,-1,-1,-1,1,1,
-1,-1,-1,1,-1,1,1,-1,1,-1,-1,-1,1,1,-1,1,-1,1,1,-1,1,-1,1,1,-1,1,-1,1,-1,1,1,-1,-1,-1,1,-1,1,-1,-1,1,1,-1,1,1,-1,1,1,-1,1,1,-1,-1,1,1,-1,1,1,1,1,-1,1,1,-1,1,
1,-1,-1,-1,-1,1,-1,-1,-1,1,-1,-1,1,1,1,1,-1,-1,-1,-1,1,-1,-1,1,1,-1,1,1,-1,-1,-1,-1,-1,-1,1,1,1,-1,1,-1,1,-1,-1,1,-1,-1,1,-1,1,-1,-1,-1,1,1,-1,1,1,-1,-1,-1,-1,-1,1,1,
-1,1,-1,1,-1,-1,1,-1,-1,-1,1,-1,-1,-1,1,1,1,1,1,-1,1,-1,1,1,-1,1,1,-1,-1,-1,-1,-1,1,1,-1,1,1,-1,-1,-1,-1,-1,-1,-1,1,-1,-1,1,-1,-1,-1,1,-1,-1,-1,1,-1,-1,1,1,1,1,1,1,
1,-1,1,-1,-1,1,1,-1,-1,1,-1,1,1,1,1,-1,1,-1,-1,-1,-1,-1,1,-1,1,-1,-1,-1,-1,-1,-1,1,1,-1,-1,1,1,-1,-1,-1,-1,-1,-1,-1,1,1,-1,-1,1,1,1,-1,-1,1,1,-1,-1,-1,-1,1,-1,1,1,1,
1,-1,-1,-1,-1,-1,-1,1,1,-1,-1,-1,-1,-1,1,1,1,1,1,-1,1,1,-1,1,-1,1,-1,-1,-1,1,1,1,-1,-1,-1,1,-1,-1,1,-1,1,-1,1,1,-1,1,1,1,-1,1,-1,-1,1,1,-1,-1,1,1,1,-1,-1,1,-1,1,
-1,-1,-1,1,1,1,-1,-1,-1,-1,-1,-1,1,-1,-1,1,1,-1,1,-1,1,-1,-1,1,-1,-1,1,-1,-1,1,1,-1,1,1,-1,-1,1,1,1,-1,1,-1,1,-1,-1,-1,1,1,1,1,1,-1,1,1,-1,1,1,1,-1,-1,1,-1,-1,-1,
-1,-1,-1,1,-1,-1,-1,1,-1,-1,-1,-1,-1,-1,-1,-1,-1,1,-1,1,-1,1,1,-1,-1,-1,-1,1,-1,-1,-1,-1,-1,1,1,-1,1,-1,1,-1,1,-1,-1,-1,-1,-1,1,1,1,1,1,-1,1,1,-1,1,1,1,-1,1,1,-1,-1,1,
1,-1,-1,1,1,1,1,1,1,-1,-1,-1,1,-1,-1,-1,1,1,-1,-1,-1,-1,1,-1,1,1,1,1,1,1,-1,-1,1,1,1,-1,1,-1,1,-1,1,-1,1,1,-1,1,1,-1,1,1,1,1,1,-1,-1,1,1,-1,1,-1,1,-1,-1,1,
1,1,-1,1,-1,1,-1,-1,1,-1,1,1,1,-1,1,-1,1,1,1,1,-1,1,-1,1,1,-1,1,1,-1,1,1,-1,-1,-1,1,1,-1,-1,1,1,-1,-1,1,1,1,1,1,-1,1,1,1,-1,1,-1,-1,1,1,-1,-1,1,-1,1,1,-1,
-1,1,1,-1,1,-1,1,1,1,1,-1,-1,-1,1,1,1,-1,-1,-1,1,1,-1,1,1,1,1,1,-1,1,-1,1,1,1,1,-1,1,-1,1,1,1,1,1,-1,1,-1,1,1,1,-1,-1,-1,1,-1,1,-1,-1,-1,1,-1,1,1,1,1,-1,
1,1,-1,-1,1,-1,-1,1,-1,-1,-1,1,1,1,1,1,1,1,1,1,1,1,-1,-1,-1,1,1,-1,-1,-1,1,1,1,-1,-1,1,-1,-1,-1,-1,1,-1,-1,-1,1,1,-1,-1,-1,1,1,1,1,1,-1,-1,-1,1,-1,1,-1,-1,1,1,
1,-1,-1,1,-1,1,-1,-1,1,-1,-1,-1,1,-1,-1,-1,-1,-1,1,-1,1,1,-1,1,1,1,-1,1,-1,1,-1,-1,-1,-1,1,-1,-1,-1,1,1,1,-1,1,1,-1,-1,1,-1,1,1,1,-1,1,-1,-1,1,1,1,1,-1,1,1,-1,-1,
1,-1,-1,1,1,1,1,-1,1,-1,1,-1,1,-1,-1,-1,-1,1,-1,1,1,1,-1,1,-1,1,-1,1,-1,1,-1,-1,-1,-1,1,-1,-1,-1,-1,1,1,1,-1,-1,-1,-1,1,-1,1,1,1,-1,-1,1,-1,-1,1,-1,1,-1,1,-1,-1,-1,
-1,1,1,1,-1,1,1,1,-1,-1,1,-1,1,-1,-1,-1,-1,1,-1,1,1,1,1,1,-1,1,-1,-1,1,1,-1,1,1,1,1,1,1,-1,-1,-1,-1,-1,1,1,1,1,1,-1,-1,1,-1,-1,1,-1,-1,1,-1,1,1,-1,-1,1,-1,-1,
1,-1,1,1,1,-1,-1,-1,1,1,-1,-1,-1,-1,-1,1,-1,-1,-1,-1,1,1,1,-1,-1,-1,-1,1,-1,-1,1,1,1,-1,-1,-1,-1,-1,-1,-1,-1,1,-1,1,-1,-1,1,-1,-1,1,1,1,-1,1,-1,1,1,1,1,1,1,1,1,-1,
1,1,-1,1,1,1,-1,1,-1,-1,-1,-1,1,1,1,1,-1,-1,1,-1,1,1,1,1,-1,1,-1,1,1,1,1,1,-1,-1,-1,-1,1,-1,1,1,-1,-1,1,-1,1,1,1,-1,-1,-1,1,1,1,-1,1,-1,1,1,-1,-1,-1,1,-1,-1,
1,1,-1,1,1,-1,1,1,1,-1,-1,1,1,1,-1,1,1,1,-1,-1,-1,1,1,1,-1,-1,1,-1,1,1,1,-1,-1,-1,1,-1,1,-1,1,-1,-1,-1,1,1,-1,1,1,-1,1,1,-1,-1,1,1,-1,-1,-1,-1,1,1,1,-1,1,-1,
1,-1,-1,1,1,-1,1,-1,-1,-1,-1,-1,-1,1,-1,-1,-1,1,-1,-1,-1,-1,-1,1,1,1,1,1,-1,1,-1,-1,1,1,1,1,1,-1,1,-1,1,-1,1,1,-1,-1,1,-1,-1,1,1,1,1,1,-1,1,1,1,-1,-1,1,-1,-1,-1,
1,-1,-1,-1,-1,-1,-1,1,1,1,1,1,1,-1,1,-1,-1,-1,1,1,-1,1,-1,-1,1,1,1,-1,-1,-1,1,-1,1,1,1,-1,1,-1,1,1,1,1,-1,1,-1,1,1,-1,1,1,1,-1,1,1,-1,1,1,1,1,-1,-1,1,1,-1,
-1,1,1,-1,-1,-1,1,1,-1,1,-1,1,1,1,1,-1,1,-1,1,1,-1,-1,-1,-1,1,1,-1,-1,1,-1,1,1,1,-1,-1,1,1,1,1,1,-1,1,1,1,1,-1,-1,-1,1,-1,1,1,1,1,1,1,-1,-1,-1,1,1,1,-1,-1,
1,1,-1,-1,1,1,-1,1,1,-1,-1,-1,-1,1,1,-1,1,1,-1,-1,1,1,-1,1,-1,-1,-1,-1,1,1,-1,1,1,-1,1,1,-1,-1,1,-1,1,-1,1,1,-1,1,1,-1,-1,1,-1,-1,-1,-1,1,1,1,1,-1,-1,-1,-1,1,-1,
1,1,-1,-1,1,1,1,1,-1,1,1,1,-1,1,1,1,-1,-1,1,1,-1,-1,1,-1,1,1,-1,-1,1,1,1,-1,1,1,-1,1,1,1,1,1,1,1,-1,1,1,1,-1,1,1,-1,-1,1,1,1,1,-1,-1,-1,-1,-1,-1,-1,-1,-1,
1,1,1,-1,-1,-1,-1,-1,1,-1,-1,1,1,-1,-1,-1,1,-1,1,1,1,1,-1,1,1,-1,-1,1,-1,1,1,1,1,-1,1,-1,-1,1,-1,1,1,1,1,1,1,1,1,1,1,1,-1,1,-1,1,-1,1,1,-1,1,1,1,-1,-1,1,
-1,1,1,-1,-1,-1,1,-1,1,1,1,1,1,1,1,-1,1,1,1,1,-1,1,-1,-1,-1,1,1,-1,1,1,1,1,-1,1,-1,-1,1,1,-1,-1,-1,1,-1,-1,1,1,-1,1,1,-1,-1,-1,-1,-1,1,1,-1,1,-1,-1,-1,1,1,1,
-1,1,1,-1,-1,-1,1,1,-1,1,1,1,-1,-1,1,1,1,-1,-1,1,1,-1,1,-1,1,-1,1,-1,-1,-1,1,-1,1,1,-1,1,1,1,-1,-1,1,1,-1,1,1,1,-1,-1,1,-1,-1,-1,-1,1,-1,-1,1,-1,-1,1,1,-1,-1,1,
-1,-1,-1,1,-1,1,-1,-1,1,-1,-1,1,1,1,1,1,1,1,-1,1,1,1,1,1,-1,1,-1,-1,-1,1,1,-1,-1,-1,1,-1,1,-1,1,1,-1,1,1,-1,-1,-1,1,-1,1,1,1,-1,-1,1,-1,-1,1,1,1,-1,1,1,-1,-1,
-1,1,1,1,-1,1,1,-1,-1,-1,1,1,1,-1,-1,1,1,-1,1,-1,1,1,-1,-1,1,-1,1,-1,1,-1,-1,1,1,-1,-1,1,-1,1,-1,1,-1,1,1,-1,1,1,-1,-1,1,-1,-1,1,-1,1,-1,-1,-1,-1,-1,-1,1,-1,1,1,
-1,1,-1,1,-1,-1,1,-1,1,-1,1,1,1,-1,1,-1,-1,1,-1,-1,-1,1,-1,-1,1,1,-1,-1,-1,1,1,-1,-1,-1,1,1,1,-1,-1,-1,-1,-1,1,1,-1,1,-1,1,-1,1,1,-1,1,-1,1,1,1,1,1,1,-1,-1,-1,-1,
1,-1,-1,-1,1,1,-1,1,1,-1,-1,-1,-1,-1,-1,1,1,1,-1,1,-1,1,-1,1,1,1,1,1,-1,1,1,-1,-1,1,1,-1,-1,1,-1,1,-1,-1,1,-1,1,-1,1,-1,-1,1,1,-1,1,-1,-1,1,1,1,1,1,-1,-1,-1,-1,
-1,-1,-1,1,1,-1,1,-1,1,-1,-1,-1,1,-1,-1,-1,-1,1,-1,-1,-1,-1,-1,1,-1,-1,-1,1,-1,1,-1,-1,-1,1,1,-1,1,-1,1,-1,-1,-1,1,1,-1,-1,-1,1,-1,-1,-1,-1,-1,1,1,1,-1,1,-1,1,1,1,1,-1,
1,-1,-1,-1,1,1,-1,1,1,-1,-1,-1,-1,-1,-1,-1,-1,1,1,-1,-1,-1,1,1,1,1,1,-1,-1,1,1,-1,-1,-1,-1,1,-1,-1,1,1,1,-1,1,1,1,-1,-1,-1,1,1,1,1,1,1,-1,1,1,1,-1,-1,1,1,-1,-1,