(3, 3, 1, 64)



1,1,1,-1,1,-1,1,-1,1,1,1,1,1,1,-1,1,1,1,-1,-1,1,1,-1,-1,-1,1,1,-1,-1,-1,-1,-1,-1,1,-1,-1,-1,1,1,1,1,1,-1,1,1,-1,1,1,1,1,-1,1,1,1,-1,-1,-1,-1,-1,1,1,1,-1,1,

1,-1,1,1,1,1,-1,1,1,1,1,1,1,1,-1,1,-1,-1,-1,-1,1,-1,1,-1,-1,1,-1,1,-1,-1,-1,1,-1,1,-1,-1,-1,-1,-1,1,-1,-1,1,-1,-1,-1,-1,-1,1,1,1,1,-1,-1,1,1,-1,-1,1,1,1,1,-1,1,

-1,1,1,1,1,1,1,-1,1,-1,-1,-1,1,-1,1,1,-1,1,1,1,1,-1,-1,1,-1,-1,-1,1,1,1,-1,-1,1,-1,1,-1,1,-1,-1,1,1,-1,-1,-1,-1,-1,-1,-1,-1,1,1,1,-1,-1,-1,-1,-1,-1,-1,-1,1,-1,-1,1,


1,-1,-1,-1,-1,1,-1,-1,-1,1,-1,1,-1,1,1,1,1,-1,1,-1,-1,1,-1,-1,1,-1,1,1,-1,-1,-1,-1,1,1,-1,-1,-1,1,-1,-1,1,1,-1,1,-1,1,1,1,-1,-1,-1,1,1,1,-1,1,1,-1,-1,1,1,-1,1,-1,

-1,-1,-1,-1,-1,-1,-1,1,1,1,1,1,-1,-1,1,1,-1,-1,-1,-1,-1,-1,1,-1,1,-1,-1,-1,-1,-1,-1,1,-1,1,-1,-1,1,1,-1,-1,-1,-1,1,-1,1,1,-1,-1,-1,-1,1,-1,-1,-1,1,1,1,-1,1,1,-1,-1,1,1,

-1,-1,1,1,-1,-1,-1,-1,-1,-1,-1,-1,1,1,1,1,-1,1,-1,-1,-1,1,-1,1,1,1,-1,1,1,1,-1,-1,-1,1,1,1,-1,-1,1,-1,-1,-1,-1,-1,1,1,-1,-1,1,-1,-1,-1,1,-1,1,-1,1,1,1,-1,-1,1,1,-1,


-1,-1,-1,-1,-1,-1,1,-1,-1,1,-1,1,-1,-1,-1,1,1,1,1,1,1,-1,1,-1,-1,1,1,1,-1,1,1,-1,1,-1,-1,1,1,1,-1,-1,-1,1,-1,1,1,-1,1,-1,-1,-1,-1,1,-1,1,-1,1,-1,1,-1,-1,1,1,-1,-1,

-1,-1,-1,-1,1,-1,-1,1,1,1,-1,-1,1,1,-1,1,1,-1,1,1,1,1,1,1,1,-1,-1,-1,1,-1,1,1,-1,1,-1,-1,1,1,1,-1,1,-1,1,-1,-1,-1,1,1,1,-1,1,-1,-1,-1,1,-1,1,1,1,-1,-1,-1,-1,-1,

-1,1,1,-1,1,1,1,-1,-1,-1,1,-1,1,1,-1,1,1,1,-1,1,-1,-1,-1,-1,-1,-1,1,-1,1,1,1,-1,1,-1,1,-1,-1,1,1,1,1,-1,-1,1,1,-1,1,1,1,-1,1,1,-1,-1,1,1,1,1,-1,-1,-1,1,-1,-1,